3818061449
3812153059
3761350902
3816216936
3809667171
3784318169
3800938451
3781659841
3715899595
3627422393
3822831037
3820060877
3809458756
3810723969
3757554580
3727509934
3813986827
3817385435
3803238837
3813059446
3782047529
3802518521
3812359894
3784512755
3598180449
3739541320
3590301344
3782663469
3814782804
3774671478
3805997787
3808287493
3815697541
3782022813
3737436249
3812804281
3807142659
3748954416
3815108081
3584545105
3780799927
3787790586
3809683573
3569082747
3776195386
3786424286
3817432507
3806748880
3793982373
3822244453
3784859181
3820663671
3819541259
3820310368
3786424286
3787902278
3723984690
3814769294
3787334893
3822421157
3771019753
3817745181
3784369432
3820282600
3813585733
3809683573
3822768909
3776733356
3707036662
3813310380
3818047167
3776195386
3792020706
3664565590
3818164214
3766047063
3814238374
3816338776
3807142659
3822748025
3706278998
3820239167
3822752659
3821314461
3804055137
3794524993
3817625441
3772778018
3584544208
3812804281
3590301449
3817748532
3822585140
3818304633
3822871669
3785899494
3784859181
3807522026
3819572455
3820663671
3819541259
3814122807
3765448605
3820310368
3816338884
3786424286
3787902278
3723984690
3807714294
3809432667
3716380748
3812197738
3814769294
3787334893
3805437308
3817187485
3822421157
3771019753
3811751027
3774365243
3803117537
3731292705
3783922973
3734650285
3747487571
3822283027
3673661803
3714771636
3707033652
3732128468
3789015584
3811012063
3816823460
3813074442
3800437401
3685996493
3707033698
3792885228
3646109618
3820342284
3792884310
3822749678
3818993151
3792883431
3814287701
3707040102
3822329229
3766047063
3800267947
3803761425
3814238374
3816338776
3807142659
3822748025
3706278998
3820239167
3822752659
3821314461
3771511446
3807747310
3804055137
3818097362
3794524993
3817625441
3807286729
3772778018
3803635287
3584544208
3807286729
3772778018
3803635287
3584544208
3590301449
3735736509
3811738710
3764702361
3817748532
3806000574
3775638159
3818304633
3785899494
3822871669
3820507413
3820648931
3808267821
3803649537
3814170041
3705452921
3738675902
3641772616
3814517340
3816724266
3807147566
3813651063
3818541398
3798851234
3644614430
3644240596
3820246388
3802898888
3714211422
3809942530
3792020706
3820343302
3652286825
3820066453
3806595590
3822263799
3729595278
3809770271
3815769366
3715816302
3735957417
3815673766
3740493683
3780869784
3786027112
3814154323
3792887013
3822582846
3709988818
3820197410
3763560602
3797953491
3767882552
3816709487
3808269922
3792883444
3800563026
3807974233
3809442638
3817869868
3814781983
3814781982
3803039550
3775607550
3783930009
3791884053
3771073478
3799033070
3803039550
3803038540
3740493683
3792886014
3816819965
3814862407
3792884315
3802738572
3805078039
3706281556
3767825714
3789430102
3822579784
3792883444
3760358075
3800090977
3792878995
3792887013
3816071674
3791667200
3803121341
3822807857
3786027112
3802741996
3822866132
3724131544
3713979641
3819108787
3774923394
3786546308
3775739155
3815838733
3818959748
3814769306
3808352852
3803653623
3815685377
3817280413
3818449816
3812779129
3817276570
3812784009
3817871657
3822003395
3618950995
3673668488
3813359135
3784477402
3814862407
3798851234
3792885228
3817321815
3792878995
3644614430
3802898888
3820246388
3816724266
3714211422
3799025904
3818541398
3820343302
3652286825
3798622872
3806595590
3820066453
3809770271
3822263799
3729595278
3815769366
3715816302
3817365259
3803111281
3818271634
3735957417
3792020706
3820343302
3798622872
3652286825
3820066453
3806595590
3822263799
3729595278
3809770271
3811434638
3815769366
3715816302
3803111281
3735957417
3815673766
3812784009
3817365259
3690635577
3822585140
3767814668
3806309655
3819791278
3650030214
3805380712
3780869784
3793650814
3637359761
3772197345
3818964188
3800158653
3781005241
3789769124
3822423520
3807188649
3771696932
3807059346
3806802939
3814275016
3728363051
3804209220
3641768194
3803191866
3754841313
3817875138
3803207014
3810678571
3810675810
3810678571
3810675810
3810675809
3806167614
3811719896
3822795499
3822286745
3817085248
3761003306
3822353998
3812060052
3792891238
3785896101
3819192603
3807124693
3764118997
3817346710
3774013349
3809164248
3695985149
3808772086
3797242298
3789331312
3804571053
3804358426
3596320161
3709976566
3781641341
3728361480
3784528247
3789293455
3794090045
3804569400
3803029157
3803028191
3773720452
3772486767
3817624380
3733670986
3775288073
3778535316
3810633237
3622216694
3775608427
3194937209
3818959748
3822872594
3489193352
3814769306
3812309251
3815685377
3811748044
3817280413
3818449816
3817276570
3817871657
3812168930
3618950995
3815838733
3814154323
3673668488
3803653623
3813359135
3784477402
3822006082
3812780547
3822421814
3820733879
3816173117
3815215594
3814786426
3814786427
3814784692
3805463203
3816200469
3156483938
3194936234
3809192668
3739120967
3814404493
3812168930
3817636244
3807116327
3674698727
3818960554
3771777319
3817893793
3804924534
3777095940
3813472310
3739120972
3802275372
3800673168
3820674587
3820765926
3813128995
3817009492
3808534355
3805445545
3768286965
3817697891
3785820679
3785250601
3813902323
3820657160
3814544893
3814544892
3767372980
3695402065
3817085248
3819735176
3820109143
3765467506
3806960109
3671491754
3817616977
3812358591
3813282219
3774013349
3808284091
3781005241
3789769124
3822423520
3807188649
3771696932
3803191866
3728363051
3818187482
3812309734
3815778834
3803207014
3817875138
3804565939
3806167614
3775852913
3822795499
3822286745
3760760252
3657204364
3796748546
3784194856
3785415101
3770599745
3763112096
3818161413
3590307510
3817621411
3814411538
3810827194
3699244962
3786028011
3800968088
3768861955
3803431289
3744428152
3769879760
3745599359
3820367568
3818057753
3812881275
3815725590
3412703968
3802705604
3791946365
3761188986
3735059548
3817435902
3815590986
3782715445
3566589580
3810675809
3809569101
3807108222
3814190406
3822874441
3805512133
3817081426
3815220833
3809443507
3802716645
3818736041
3775288073
3739536890
3815109595
3808089937
3808088985
3814249852
3739536890
3798629389
3808089937
3808088985
3659095726
3770485999
3814172040
3800959289
3732475629
3801217236
3757674553
3817619952
3817931325
3798155323
3761070615
3813928275
3821534149
3809461533
3732867300
3806864169
3720880598
3810226483
3822775120
3809776282
3786291628
3812322610
3808739152
3673673371
3817624380
3812319755
3804569401
3812362574
3804568409
3781252541
3819778027
3719242367
3818017938
3814198929
3818964188
3801259493
3774727052
3820652220
3811823020
3775608427
3800158653
3812830534
3812844593
3814402504
3733210055
3820658212
3815226782
3796989835
3795167293
3780326245
3816185391
3816931642
3535040851
3775612180
3806698090
3817085248
3819599340
3820105737
3641623691
3769782509
3816976369
3814545625
3816006640
3813320869
3736685159
3821540106
3508040830
3808556491
3815736985
3791834664
3817616977
3806960109
3813282219
3802703616
3797369977
3786028011
3820373473
3752844622
3808525758
3811722744
3810163359
3736012998
3737743534
3790906165
3809464301
3768447868
3766165699
3816113459
3637115005
3534578511
3817584144
3809941068
3805203232
3805203232
3807153268
3776407764
3804209220
3810247282
3760760252
3657204364
3796748546
3784194856
3785415101
3770599745
3763112096
3818161413
3816671194
3811058547
3774700951
3811743744
3793214233
3590307510
3814544893
3814544892
3814411538
3815582383
3754350741
3730679067
3745494984
3809829961
3822740027
3815796399
3741794129
3751420113
3803098229
3748027950
3808533020
3811062646
3810779786
3818438703
3820176544
3819520606
3769883341
3659107668
3802295823
3692545514
3818166224
3807324155
3761460702
3811090421
3817922651
3822818252
3802705604
3791946365
3761188986
3686175578
3820187383
3735059548
3817435902
3815590986
3782715445
3814140031
3566589580
3810675809
3809569101
3807108222
3814190406
3813761479
3822874441
3805512133
3811070593
3817081426
3782270622
3815220833
3804062656
3796550945
3812549524
3814183173
3815059351
3792813308
3775730845
3816003451
3816002474
3785427563
3688945261
3820390751
3723213837
3794037471
3719208052
3784905727
3815735919
3819377781
3797470109
3797470103
3797469301
3797467348
3797464875
3816124301
3822404798
3805285341
3820523827
3798838420
3767694486
3775452291
3806121051
3637390632
3812305606
3781893934
3772424516
3809660535
3808267660
3814703621
3804141035
3802705327
3804550203
3784595126
3819748591
3783500903
3789052092
3792742984
3669213432
3810257080
3806753477
3815154247
3818053114
3816722063
3814766559
3807317914
3714697428
3808912120
3809011484
3822767071
3764295625
3769173533
3808401077
3800990264
3813900474
3764298311
3779714855
3800959289
3812307920
3404116913
3814546410
3534290165
3822471973
3699244962
3769882492
3806120475
3820322281
3815226782
3808401077
3800990264
3764298311
3809037182
3818700116
3815751552
3779714855
3404116913
3811058547
3808912120
3534290165
3769882492
3806120475
3820322281
3815226782
3775612180
3795167293
3808324964
3796989835
3800995374
3800237386
3780326245
3816185391
3810169182
3816931642
3734769954
3772271413
3807098691
3818048616
3815795466
3759971704
3793500421
3812052826
3754941748
3806775018
3817174301
3801261984
3806352685
3807203236
3820844663
3815696118
3596696466
3686259521
3823028707
3782023058
3782020403
3782019566
3782017809
3782016841
3797464872
3818700116
3805059165
3817732965
3813902323
3732867300
3822347435
3800680354
3809834401
3769289891
3817424988
3809643482
3807291440
3801926485
3809444416
3813531310
3800547326
3772193597
3819583759
3813654156
3797054844
3788222095
3810691655
3802086498
3813928275
3791912149
3806105861
3808662617
3789052092
3792742984
3669213432
3810257080
3806753477
3815154247
3809618884
3807203236
3804071816
3807098691
3758122241
3806375930
3806664871
3767636487
3791794107
3806176044
3818133740
3806674156
3727967014
3817384577
3800940582
3784592549
3745431943
3808438806
3809441736
3737436953
3745499466
3818995583
3791948286
3766672101
3819587130
3818167177
3792876897
3807751481
3812881275
3814169749
3784414964
3788121025
3809583125
3820654677
3812358591
3789170390
3744801922
3809834396
3809831432
3802497373
3815396567
3813321815
3792813308
3818202409
3775730845
3816003451
3816002474
3785427563
3688945261
3723213837
3820390751
3801601228
3814028195
3795173241
3784905727
3819377781
3797470109
3797470103
3797469301
3797467348
3797464875
3738243462
3809696868
3812053221
