3837416235
3835620304
3834716739
3835538754
3838252366
3837497180
3833997744
3837406662
3832680043
3836246967
3836266897
3839238839
3836442279
3838717571
3831289196
3835280607
3837804613
3822564502
3838200668
3834098317
3831281580
3838428735
3831838463
3837004061
3837896029
3837896029
3837896030
3836332302
3837030708
3837036306
3834021809
3832686726
3832690272
3837652349
3836680359
3832699086
3834477552
3837650106
3836276459
3830344922
3831102648
3838451564
3772778274
3807174548
3836689075
3833942160
3834577818
3650289856
3834690014
3830356761
3836181837
3836273943
3836491985
3837684140
3839172123
3819733489
3836444688
3834638111
3836187405
3830960443
3831807362
3839464686
3838245074
3837972175
3833962064
3836239133
3837365528
3836499083
3834685783
3838720015
3834720140
3837684128
3834375624
3838228374
3834971132
3831141650
3836276214
3817549470
3830981381
3831878132
3837009085
3830991165
3837869813
3820655211
3837839818
3837845035
3833765045
3802275127
3831259761
3836247758
3836218285
3834691335
3802228255
3832660589
3836901542
3838781716
3837716994
3839196531
3834694001
3838206664
3836218285
3834463839
3834691335
3802228255
3836901542
3832660589
3839196531
3834694001
3838206664
3836313524
3836496834
3836247758
3834585554
3834686958
3835502457
3834107951
3838730626
3836433154
3834967436
3835517786
3815793346
3839423322
3814512363
3838226702
3830383778
3831500393
3833803835
3836474969
3820650780
3834614893
3822261913
3835438844
3837937209
3837663821
3835650465
3820827085
3836435370
3838203179
3837395529
3834025807
3834463926
3836698340
3837002301
3836327921
3831838231
3834646070
3834463832
3830915411
3834476813
3831142769
3836329570
3797237528
3835276912
3816724317
3838249324
3834235477
3769032937
3833642633
3839269299
3836320265
3834689212
3831881719
3837355065
3835562976
3834927367
3830399505
3836837134
3838283553
3791557193
3834629977
3831282282
3834667981
3837602367
3817037924
3838226278
3769032937
3833642633
3839269299
3836320265
3834689212
3811053535
3836423958
3831881719
3837355065
3835562976
3834927367
3836837134
3838283553
3791557193
3834623811
3834629977
3836090062
3834667981
3817037924
3838226278
3837858637
3835534122
3817634854
3826437600
3830995820
3838450503
3837412718
3837407396
3839216763
3818953871
3832687288
3817745408
3834023260
3832683463
3835511999
3833669243
3837082586
3838247018
3829868351
3838012018
3837019131
3815695458
3834233686
3818417253
3836697437
3835800663
3837010450
3837280448
3784919393
3816808035
3838007683
3837103713
3834295683
3835515386
3835520144
3834640517
3836492559
3836252802
3835297434
3834702696
3773379382
3835283387
3837017141
3838448716
3814721922
3832673987
3835540096
3765141083
3773743121
3837261239
3755720508
3831897385
3736269478
3838463692
3838018310
3834927678
3837864506
3838736785
3703612386
3836227938
3835833081
3838250130
3837642131
3773743121
3834637919
3831100657
3834371092
3832683463
3836177979
3782701736
3838911715
3831167970
3838439276
3838442551
3774566691
3744565598
3838473555
3830971503
3835583929
3832614647
3835527275
3835581558
3801230024
3837728677
3829122846
3836248791
3805295895
3839699794
3762479423
3804379196
3759911502
3786117874
3831810722
3838449176
3836190948
3830983474
3837724001
3838914071
3838479513
3835569957
3837010836
3820654199
3838081759
3814990970
3831223614
3836289683
3790800208
3833843802
3835515386
3837092272
3828970402
3781861829
3837258742
3835645754
3838439993
3836875441
3835280113
3835768944
3836991303
3836498656
3835711070
3836573970
3838307939
3817771718
3838018310
3830978616
3792380625
3837215674
3768212861
3816348171
3814727152
3705782081
3833644504
3836256825
3768263231
3820506295
3759960547
3836255465
3761072616
3831885496
3662801444
3837093197
3835124001
3739125879
3836172281
3836574517
3830960553
3831867793
3835132874
3831131447
3781108310
3837353737
3835132874
3831131447
3770468954
3837841617
3781108310
3837966540
3833845573
3838234945
3831800064
3837940425
3837735820
3817767543
3837680905
3835252553
3831590620
3838321668
3837943011
3835611036
3706681950
3820655246
3837048689
3834309440
3836562931
3759960547
3836255465
3761072616
3831885496
3662801444
3837093197
3835124001
3828019100
3833984791
3739125879
3836172281
3836574517
3830960553
3831867793
3835132874
3831131447
3781108310
3835069154
3837841617
3837966540
3836374847
3832618337
3838234945
3838454004
3837285083
3831599189
3806730111
3830362082
3837650333
3836462013
3813679949
3834024931
3818473085
3820649852
3832698262
3834619669
3811659938
3835531895
3833697785
3836210409
3826581684
3838454239
3818947375
3834644461
3831811190
3834631971
3836208880
3836212381
3834645225
3837004858
3834685089
3830976897
3838454004
3837285083
3831599189
3806730111
3837727479
3833364410
3837650333
3836462013
3813679949
3820649852
3832698262
3834619669
3835531895
3833697785
3836210409
3826581684
3838454239
3818947375
3834644461
3831811190
3835590249
3834645225
3837004858
3834685089
3830976897
3838454004
3837285083
3831599189
3806730111
3833843802
3837727479
3837650333
3830362082
3836462013
3813679949
3834024931
3833364410
3818473085
3820649852
3832698262
3834619669
3811659938
3836210409
3833697785
3833697785
3826581684
3838454239
3836268941
3818947375
3834644461
3831811190
3836208880
3836212381
3836093831
3837243883
3835593267
3830355112
3833673868
3820347966
3836890701
3837261892
3831597379
3836217728
3835709686
3832618337
3735095346
3834032342
3834413454
3834613927
3833988305
3772707232
3834029615
3835502250
3838702945
3838243354
3779390189
3833360994
3834450359
3837085350
3833677780
3837408822
3837974567
3834038815
3834483662
3834160127
3833843409
3834694576
3833695359
3830977150
3833665123
3839415796
3836214178
3835809381
3837863690
3836678846
3839136253
3836209681
3654362997
3836207445
3750890549
3819408180
3725133502
3838751925
3835599674
3836107617
3835809405
3817045024
3834325301
3695884128
3835580849
3837667026
3820826321
3835163482
3835605429
3835566001
3836210856
3836364273
3836979972
3834371333
3837039539
3824262259
3837722279
3836212540
3834670311
3836209756
3837803142
3835582338
3831253186
3835581447
3835585089
3833686004
3833983758
3798486232
3836184696
3830346727
3838705552
3834687427
3833666365
3835151658
3835162516
3837022703
3838733567
3834379207
3812199992
3830973939
3819408211
3836364273
3831104562
3835581219
3832652899
3834694202
3835592105
3516880374
3832690090
3812483666
3822767572
3835511502
3837019746
3836226186
3836899703
3837976180
3834732628
3838751925
3835586097
3834236488
3835254691
3835591190
3835598836
3836305581
3831253186
3837120646
3837019724
3836214998
3819518848
3835594690
3837093349
3834666508
3836229543
3813252751
3835638824
3837863690
3836678846
3839136253
3836209681
3833677348
3654362997
3836207445
3817045024
3750890549
3830383903
3837935981
3819408180
3835809405
3817045024
3834325301
3695884128
3835580849
3837667026
3820826321
3811793636
3835605429
3835566001
3836210856
3836979972
3830977034
3835556792
3834635661
3834695225
3837963903
3831242553
3836179959
3834185699
3836219460
3837011015
3836850959
3836265838
3835510592
3835510592
3837460967
3833086335
3836865883
3837979107
3812199992
3830973939
3819408211
3836364273
3833957408
3831104562
3835581219
3832652899
3834694202
3835592105
3516880374
3832690090
3812483666
3822767572
3835511502
3833953315
3837019746
3836226186
3836899703
3837976180
3831274468
3832674537
3826633079
3835560332
3837975775
3837641312
3810674944
3835588713
3837025144
3836828152
3820505624
3837032921
3831579001
3837696760
3831132859
3833367324
3831235173
3831286325
3835585791
3833832321
3836265505
3741736198
3831242941
3837734734
3831109108
3830998660
3836577998
3735655549
3834367377
3831897320
3834656934
3836221478
3837875448
3838776280
3832696359
3836393469
3835118869
3837043413
3835124239
3835289478
3767996908
3836875378
3834016181
3835593774
3831848468
3831892213
3834622572
3831594824
3832664022
3831848468
3831892213
3834622572
3831594824
3832664022
3832459787
3836988932
3834676645
3835801604
3836168522
3837432128
3818992980
3836165850
3834624594
3837041809
3837004005
3837481888
3790148919
3837034733
3780304677
3835592824
3836361652
3835539074
3832683797
3832658812
3834031446
3782741607
3835583497
3839606997
3817903464
3835510774
3812891924
3836265742
3838727024
3837943003
3836333302
3834007843
3837456847
3836334046
3834571949
3835515899
3831274468
3832674537
3826633079
3835560332
3837641312
3810674944
3835588713
3833674749
3836192669
3838326151
3834614760
3816730360
3837942296
3707308824
3836085179
3711957142
3835514326
3838077295
3835811138
3831893986
3837090737
3836246762
3839214137
3835506826
3805596399
3835578825
3835133631
3828127087
3834701095
3836576945
3836234563
3837737477
3836405532
3834734637
3834701095
3836576945
3836234563
3834734637
3673021208
3836570511
3816006645
3836410925
3735662423
3836274048
3831169457
3835280933
3835757870
3835285275
3831583682
3835584813
3772654113
3837023053
3835512580
3836211878
3784080005
3800264241
3831149143
3836878003
3833829735
3835808249
3837042950
3835595318
3837604137
3830955685
3838418828
3835588521
3835581639
3835585214
3816363302
3835581213
3838248352
3837298491
3833863303
3835287731
3835576798
3835595210
3833638874
3834677487
3803327634
3813153566
3835280744
3817389055
3839838602
3836211916
3832683797
3832658812
3835800583
3838319503
3835581960
3835597130
3836687110
3836674049
3837298491
3834460397
3838264334
3835502955
3802137354
3836223609
3839214137
3818966918
3835592371
3837731629
3833088217
3837289453
3839234107
3837739111
3835289478
3833665711
3813987226
3835585195
3838326151
3834614760
3816730360
3811859082
3837942296
3707308824
3836085179
3834009545
3711957142
3835514326
3834028407
3838077295
3835811138
3831893986
3837090737
3834483004
3836246762
3839214137
3835506826
3805596399
3835578825
3835133631
3837737477
3835123298
3834748094
3834084639
3835441385
3838722330
3837032187
3835808249
3837042950
3835595318
3837604137
3830955685
3838418828
3838910751
3839275669
3836029932
3834281660
3837970894
3816363302
3836390920
3835588521
3835581639
3835585214
3837793435
3838322760
3836175096
3831149143
3836878003
3837018272
3833829735
3835804006
3836480419
3834626984
3835585076
3628314519
3834180840
3837815770
3837730203
3835575351
3835118794
3836220670
3837889472
3832610314
3755732309
3816830188
3835579721
3837432128
3837733050
3833080931
3830399740
3811859082
3835625409
3835121393
3833666855
3838264452
3835582593
3839457721
3830974645
3834629428
3832602005
3817474642
3830968130
3836267905
3765911161
3831136062
3835591746
3837053969
3835529649
3835585252
3836989655
3837730832
3820661740
3817605771
3818725952
