3811618359
3799286048
3789269848
3813737795
3818061449
3792025087
3812153059
3813462085
3784510159
3761350902
3814387986
3812354716
3790772902
3809667171
3798623690
3815337399
3642982407
3765448605
3817544018
3808050344
3800938451
3820696835
3781659841
3801296644
3757554580
3715899595
3781659841
3584545105
3819599897
3798609026
3627422393
3812471705
3820060877
3784318169
3810723969
3817617534
3814141500
3802601677
3816710195
3727509934
3803105509
3813613880
3804926448
3805997787
3816216936
3653163597
3803238837
3782047529
3804033535
3812359894
3806748880
3784859181
3809432667
3818400600
3814781991
3787902278
3786424286
3814769294
3820306839
3723984690
3787334893
3771019753
3809683573
3782022813
3813585733
3816736033
3816805974
3776733356
3784369432
3707036662
3817745181
3813310380
3818047167
3776195386
3816823460
3816733236
3664565590
3802738572
3766047063
3792020706
3804055137
3807142659
3706278998
3820239167
3820304046
3816819965
3818164214
3772778018
3794524993
3814238374
3584544208
3812804281
3590301449
3801291037
3820342284
3806000574
3818114108
3738675902
3764698851
3816338776
3805647536
3731292705
3693024071
3810167227
3820766871
3797067813
3780709313
3818414323
3676108992
3764699727
3817748532
3764699724
3800437401
3785900374
3760010091
3764702361
3783922973
3764703291
3803194715
3785899494
3714771636
3747487571
3820736317
3716380748
3817432507
3771019753
3820663671
3794524993
3723984690
3805437308
3787334893
3807714294
3820306839
3680164504
3782022813
3816733236
3817187485
3803117537
3818116484
3680163630
3816717054
3820282600
3813585733
3811829951
3818062038
3816736033
3816805974
3804045176
3814387986
3818061449
3797067813
3598180449
3820060877
3818400600
3817745181
3814170041
3806140363
3820282600
3803720475
3800204003
3723984690
3774671478
3802518521
3808050344
3808287493
3817625441
3807142659
3816819965
3800267947
3817187485
3811011144
3811751027
3816338884
3817623701
3590301449
3803649537
3808258478
3818097362
3807286729
3820342284
3806000574
3818114108
3808267821
3814170041
3738675902
3731292705
3764698851
3816338776
3805647536
3693024071
3810167227
3820766871
3780709313
3818414323
3797067813
3676108992
3764699727
3817748532
3764699724
3800437401
3785900374
3760010091
3764702361
3764703291
3803194715
3785899494
3714771636
3820736317
3747487571
3735736509
3707033652
3673661803
3734650285
3789015584
3783922973
3732128468
3707033698
3820236518
3816071674
3820507413
3814287701
3646109618
3664572543
3820236518
3707033652
3673661803
3789015584
3734650285
3732128468
3707033698
3805416008
3808367752
3816071674
3820507413
3811012063
3814287701
3685996493
3664572543
3646109618
3792885228
3791667200
3809631878
3820658582
3792883431
3802738572
3792884310
3799033070
3811834343
3789430102
3706281556
3801291037
3812956097
3811012063
3760358075
3800090977
3800295843
3802741996
3803121341
3802747185
3707040103
3792884315
3785332273
3820674587
3818993151
3680163630
3801408747
3798622872
3765468168
3803038540
3774207266
3791833981
3813074442
3755034174
3650030214
3780869784
3816015675
3814517340
3809770271
3792887013
3786027112
3797953491
3804203709
3740493683
3800224713
3805380712
3814111611
3801182819
3709988818
3767882552
3814154323
3820197410
3814781983
3792883444
3816724266
3808269922
3811834343
3809442638
3816174485
3774013349
3820373473
3818957938
3816113459
3671491754
3814275016
3709976566
3641768194
3807188649
3819192603
3816857453
3817346710
3781641341
3809164248
3596320161
3804568409
3794090045
3728361480
3804569400
3695985149
3784528247
3819194245
3808772086
3636283736
3673673371
3781252541
3808739152
3818017938
3820658212
3774727052
3812322610
3785820679
3817621433
3800158653
3801259493
3819778027
3800681382
3807754081
3775608427
3820367568
3812844593
3803431289
3763112096
3804569401
3812319755
3664561720
3750252630
3817546590
3600170485
3792366505
3805762736
3769880489
3820657160
3792891238
3778535316
3808534355
3818123187
3767372980
3775106698
3793650814
3805262203
3808032213
3813128995
3807754081
3768286965
3790906165
3813567705
3812780547
3806313663
3695402065
3763925274
3812309734
3807116327
3765467480
3815215594
3194936234
3156483938
3815020328
3674698727
3818960554
3775739155
3820765926
3809192668
3815742089
3816377599
3771777319
3805463203
3818060470
3739120972
3814404493
3805512133
3815046844
3732241912
3802275372
3776221956
3808442623
3804924534
3771696932
3801434962
3806713535
3811629194
3803191866
3809631878
3818769899
3637359761
3820766923
3816346151
3822008653
3802426083
3644240596
3774013349
3789769124
3775852913
3808284091
3728363051
3807124693
3806167614
3781005241
3815778834
3754841313
3814171019
3803191866
3778583156
3793650814
3637359761
3820109143
3811719896
3735059548
3816346151
3822008653
3802426083
3789769124
3754841313
3800158653
3804209220
3808284091
3728363051
3804569400
3808011121
3810678571
3810675810
3810675809
3818467897
3709976566
3807188649
3812309251
3805408990
3819192603
3816857453
3817346710
3815767382
3781641341
3809164248
3596320161
3772486767
3801923932
3804568409
3799950021
3794090045
3818057753
3804569400
3728361480
3695985149
3789293455
3784528247
3819194245
3813900474
3810226483
3739536890
3802716645
3813686239
3798629389
3808089937
3808088985
3659095726
3809776282
3801217236
3817435902
3777286963
3802916699
3732475629
3817931325
3806864169
3809461533
3819583759
3757674553
3761188986
3769877930
3720880598
3786291628
3818736041
3801290961
3819778027
3802404916
3773720452
3772197345
3775288073
3733670986
3778535316
3796383734
3814198929
3622216694
3790906165
3807794826
3746860621
3755176782
3775608427
3784533476
3769883340
3790337399
3811837408
3820766923
3814190406
3814402504
3817337648
3812830534
3820367568
3812844593
3814198929
3763112096
3812319755
3664561720
3818061432
3762489561
3820836895
3489195026
3750252630
3600170485
3792366505
3805762736
3769880489
3820657160
3792891238
3778535316
3808534355
3801995659
3804064087
3809881893
3809834400
3812549524
3661426125
3774393774
3813320869
3815736985
3816976369
3808324964
3766323649
3535040851
3819563827
3800935954
3740405906
3820571481
3813902323
3815226782
3808556491
3800547326
3814766559
3809834401
3809444416
3769289891
3730679067
3821535225
3805059165
3797054844
3820105737
3802086498
3810691655
3803158932
3809835373
3800680354
3784414964
3807291440
3812881275
3819587130
3817732965
3806686757
3677922932
3813654156
3766040882
3807751481
3778536310
3732867300
3798155323
3772193597
3785808558
3637115005
3817616977
3776407764
3811722744
3775739155
3808151390
3770599745
3804209220
3778298025
3760760252
3808525758
3820187383
3807153268
3803431289
3810247282
3817081426
3799973765
3817085248
3814691019
3757292593
3797242298
3811667239
3809831432
3818167177
3754350741
3815728316
3800955429
3817424988
3745494984
3802740965
3816720014
3811832733
3809829961
3748027950
3751420113
3808438806
3809427376
3820176544
3741794129
3808533020
3814195055
3692545514
3820523827
3815295832
3769883341
3812878281
3802295823
3807324155
3767694486
3816726023
3811749462
3534286558
3761460702
3809833393
3814169749
3771900816
3815673465
3806149337
3819520606
3786127242
3789009341
3811062646
3805202145
3791948294
3799298840
3535044952
3811748169
3820777726
3784194856
3811574958
3809829965
3761129107
3417930563
3813526881
3814545625
3790645820
3749318536
3735059548
3744428152
3816671194
3807108222
3782715445
3809569101
3815208013
3566589580
3657204364
3809443507
3770485999
3817609296
3817922651
3815109595
3800959289
3813928275
3739536890
3802716645
3808089937
3798198369
3777286963
3817435902
3732475629
3798105596
3817931325
3819583759
3663345925
3757674553
3806864169
3799067721
3811070593
3804062656
3802340535
3761188986
3769877930
3720880598
3818736041
3786291628
3817619952
3748222270
3804033561
3774635780
3820322281
3815220833
3404116913
3769878823
3803656865
3652045401
3811076316
3714697428
3811011089
3814392717
3739120999
3820654677
3816117123
3814781275
3769173533
3764295625
3807120771
3808288973
3814249852
3800959289
3815722410
3764298311
3779714855
3812307920
3800990264
3803008518
3807317914
3652045401
3813544716
3791794107
3714697428
3739120999
3812362574
3772424516
3820654677
3732868163
3771900816
3816117123
3814781275
3818061432
3769173533
3764295625
3732867300
3816006640
3814386851
3814249852
3807120771
3705388349
3811574958
3808288973
3764298311
3779714855
3816901091
3816900377
3816900369
3816799606
3816797676
3819709393
3748929304
3764357012
3781865702
3804320099
3754941748
3734769954
3811061295
3808016057
3793500421
3812307339
3806674156
3782016841
3806775018
3817174301
3759971704
3801261984
3794037471
3812051945
3596691565
3815059350
3747010817
3805147914
3742110671
3784203693
3724687710
3782017809
3782743651
3754941748
3819170633
3813326160
3812446639
3809427915
3815696118
3816294656
3819377781
3816826786
3679785182
3810563841
3689055061
3735308997
3820126016
3798663654
3806421945
3802978270
3803158932
3784414964
3819587130
3810691655
3809835373
3800680354
3807291440
3817732965
3812881275
3806686757
3677922932
3813654156
3766040882
3815208013
3732867300
3798155323
3815634597
3778536310
3807751481
3772193597
3785808558
3819599340
3818120080
3814236557
3801231971
3782023058
3806752497
3726952507
3689050679
3688945261
3738239920
3801601228
3784874894
3782401489
3817624247
3818099364
3813321815
3650197983
3797468344
3760772464
3813267209
3811061295
3807535355
3805285341
3808402039
3738242731
3788997592
3817074397
3812053221
3602289412
3778539235
3806756051
3815059351
3785427563
3775730845
3723213837
3762695382
3797470109
3792813308
3796838117
3811622623
3814183173
3797470103
3797469301
3797467348
3797464875
3791663756
3738243462
3782021301
3808224376
3794037471
3782019566
3738245403
3757242918
3736807712
3792876897
3789170390
3766672101
3819748591
3788121025
3791946365
3821540106
3812305606
3815728316
3814181412
3809834396
3809831432
3597869459
3805382124
3788279575
3754350741
3809427376
3800955429
3817424988
3745494984
3818119712
3809829961
3818133740
3802740965
