3819418024
3809686549
3809682707
3810361979
3757565751
3824062901
3828629447
3704003085
3816337925
3779331208
3817029936
3811664855
3803588504
3812149879
3792516841
3813139885
3806798179
3809205787
3824753950
3810904175
3760424508
3808958932
3813195601
3757562920
3819432296
3823493149
3828074360
3803086977
3817032678
3823275504
3824632462
3821181378
3823449942
3806728678
3805846674
3828818295
3813720455
3818860616
3809200549
3823447841
3808939417
3809206811
3808962265
3784932798
3828130725
3807791785
3825274812
3808963235
3808936969
3818550303
3819982773
3765011935
3736011920
3823449795
3784513798
3808561815
3809435707
3427234622
3827605592
3808964575
3823452315
3823448849
3808999111
3816664996
3820072243
3823453010
3640715798
3821182713
3808960629
3813574241
3823444965
3809069232
3828629155
3730403192
3780636067
3477782583
3823448876
3821349324
3806908393
3823447758
3823449617
3815056620
3823448844
3812475485
3823446810
3823453030
3610537375
3784513798
3823453234
3808938524
3823451429
3825715257
3812290175
3808933961
3778598379
3823454100
3818825425
3811115328
3823452177
3828130725
3828818296
3825718296
3803758586
3823813521
3823454097
3823444963
3823448780
3828629155
3826084484
3823448773
3804779804
3817532502
3816386840
3808999743
3817333312
3820066703
3823449640
3823452112
3810528590
3819983494
3823447763
3823452402
3819355435
3807322971
3812310350
3811223105
3777081430
3824053584
3819941698
3816158528
3575010370
3791998980
3800548273
3813447991
3733407132
3812876719
3797672327
3815177974
3794099740
3819135636
3824756744
3794861991
3826481492
3823492271
3774889710
3812546843
3823451246
3823449624
3823449741
3823444964
3823453141
3823450391
3823451409
3823444970
3823448785
3823447762
3814464650
3823456030
3823451160
3819983494
3823446834
3823449620
3823449801
3823455086
3823454096
3777988728
3823446928
3821056882
3823448897
3634712036
3815177974
3794099740
3819135636
3824756744
3794861991
3826481492
3823492271
3815057632
3774889710
3642639085
3826509116
3812546843
3825277416
3785291257
3813690071
3763973848
3827532941
3810367101
3774721199
3802272804
3826530051
3808014456
3824336716
3823452288
3823448798
3823446797
3829095321
3823445945
3823453242
3823446795
3823445952
3823451311
3823446964
3823451425
3823444966
3628232192
3784160902
3823451269
3823446903
3823444977
3808998060
3808990863
3823449622
3823452107
3811229303
3823451138
3823452025
3823447879
3808790139
3823449929
3823445948
3808785811
3823446982
3808962503
3808959934
3808785806
3670754366
3823451142
3823446917
3821737266
3808938254
3808934700
3811578571
3823449749
3823449699
3823445938
3824072557
3816131893
3823450365
3823453225
3823446952
3823446952
3823450629
3823444995
3808999677
3823452120
3823446830
3823449723
3817528894
3809200866
3757299263
3823446790
3802271832
3808963096
3823447769
3733402711
3823451270
3800103525
3809682696
3809200514
3823832518
3817531871
3823447765
3823447857
3824685581
3808996887
3808965272
3780608212
3819148370
3823452017
3828114644
3823448891
3808994938
3803766441
3773703863
3809848870
3731651986
3818892666
3828929246
3823449716
3826890589
3823446929
3806908946
3786926600
3826509170
3813573261
3808990635
3823446822
3808939530
3808939442
3823444994
3812284881
3823447864
3803679874
3823449663
3827537303
3812284901
3810264538
3823450399
3780703231
3808908042
3777059469
3816797421
3824072557
3812632710
3745389982
3823446846
3825280475
3807327398
3800185618
3816060080
3823449651
3782976315
3823449658
3809208797
3673665406
3813577084
3823445953
3724143296
3814747296
3811792251
3819352789
3823451205
3823452084
3820666909
3819952113
3823450388
3805855002
3815532316
3812331527
3825278405
3828816748
3777084260
3810648329
3823449959
3564882540
3815236603
3816108944
3808939462
3818475506
3805671939
3825274913
3822800788
3819355435
3807322971
3810122549
3822649709
3812310350
3811223105
3821346485
3777081430
3824053584
3816131908
3827538045
3791998980
3809213258
3816158528
3575010370
3819941698
3813447991
3800548273
3733407132
3812876719
3823492271
3797672327
3808962747
3823357040
3815177974
3826893260
3819135636
3824756744
3794099740
3794861991
3826481492
3825281280
3820365215
3808987739
3826509116
3812546843
3825277416
3785291257
3794865222
3813690071
3763973848
3827532941
3810367101
3774721199
3802272804
3826530051
3808014456
3824336716
3813459622
3808014456
3810367101
3774721199
3824336716
3813459622
3811619308
3827533385
3826899051
3823448759
3804906684
3820072060
3820527434
3809203291
3783384549
3823446907
3808967119
3813720507
3733400720
3805491761
3825277684
3827534510
3828813818
3808962529
3828338375
3826335877
3825512710
3812950866
3716405481
3823450489
3820358159
3826508118
3807264057
3807303137
3826040379
3823453383
3826602310
3825816414
3816161959
3823454054
3811774416
3803043648
3809201240
3816116059
3816161959
3823454054
3811774416
3803043648
3809201240
3816116059
3741680966
3812950866
3807264057
3803679875
3799376293
3825278784
3812787749
3736015210
3823450497
3827538188
3820834957
3806813141
3820833896
3827537109
3803759373
3828813818
3817185861
3642639085
3813687499
3828923849
3806152157
3820530140
3827708685
3820836780
3818865499
3825776736
3772993841
3794118872
3827532729
3823454098
3811436552
3802275053
3810267446
3826479962
3813576007
3808941383
3803755732
3768161701
3806676364
3803766291
3818582413
3811435458
3818478208
3776629630
3808604468
3823022362
3776632137
3776629629
3819926897
3689055093
3826406551
3815489028
3827537284
3595870860
3812192162
3771946086
3820068332
3828116946
3754075859
3776630479
3827709327
3809219020
3794123062
3828818511
3785753854
3819131415
3812480317
3825278549
3744400519
3814987142
3808625046
3827535342
3825275972
3816116158
3825831297
3799078952
3812473790
3815343955
3777989914
3810539181
3808942071
3789462762
3786961197
3814890140
3808954830
3576867661
3828817352
3605125153
3813072746
3813072746
3827468943
3812478360
3787339670
3828334958
3808944093
3808941489
3808941383
3820235333
3810267383
3819139001
3809681711
3809681711
3827532969
3808935628
3808934728
3742339404
3820839459
3801225640
3724386463
3817601982
3825275972
3809213011
3806123047
3823636714
3825283177
3803026746
3828819005
3815811881
3826823788
3804975693
3785363840
3819142309
3789316692
3804976604
3827535440
3825030956
3821738391
3806273508
3782238699
3823633960
3618526015
3817919138
3790145367
3827531920
3808967411
3827537249
3656383589
3808593208
3803758529
3827325463
3821342422
3827533829
3745315102
3809350329
3808934865
3782567587
3818195900
3805670994
3755512909
3824331869
3827706976
3808985966
3823453079
3809356827
3782338685
3771009794
3808992038
3708480810
3813570932
3827006536
3819389936
3827537317
3755516631
3628230287
3814463606
3760811271
3819493097
3789535030
3825706430
3804356738
3825211671
3807742654
3823357043
3820439653
3734876847
3823348689
3816833625
3825280484
3804974681
3828825059
3808631588
3804153379
3782163841
3820356562
3809215166
3812473804
3816116160
3823451233
3811433724
3823346821
3817533261
3782565903
3823455207
3823457014
3809214338
3819988031
3787461060
3759396871
3814376649
3823449685
3829067208
3803766047
3817912715
3825780053
3815525536
3820066869
3813161250
3799928592
3826507164
3809209444
3820348776
3822968664
3808960908
3826341881
3619124379
3827532918
3806723913
3804972831
3823450533
3826405488
3809210404
3790036876
3819131401
3819493097
3819988031
3744196994
3823448950
3817723635
3812636240
3809211502
3816226438
3818547079
3814022569
3803213860
3808939586
3734302740
3823448952
3825279396
3782163841
3823450443
3777082321
3808991132
3790058409
3820669647
3805822427
3817533318
3714138370
3813752302
3805946804
3817536024
3784871793
3813702600
3813499929
3808990385
3826684119
3808789370
3810319119
3817531572
3790036876
3823451251
3809209444
3603335020
3827536356
3806819181
3828821130
3827706988
3725264581
3812722239
3823450345
3806793191
3808941209
3817537198
3813681007
3822650679
3808967483
3821739653
3810335094
3812480017
3785363840
3826808742
3815058544
3823463198
3561125162
3823453332
3800240427
3803769273
3823450495
3815484724
3809207782
3813799061
3772553913
3771695701
3825274885
3497372471
3823448807
3767563969
3826509115
3796746616
3823447959
3816115692
3802472223
3771944141
3823451375
3817536109
3765614461
3817532629
3823447789
3823452200
3809213022
3823448750
3828319796
3806851815
3803757632
3824642476
3823450614
3810260315
3817532496
3823447883
3773883842
3823659399
3823452045
3813568919
3815782561
3788292580
3773883842
3823452045
3813568919
3815782561
3827016216
3813704116
3779144135
3779809538
3814748409
3814466706
3586900816
3815566868
3664558397
3810333425
3608862188
3803765620
3793202130
3820016790
3823456005
3827709674
3800966238
