3836257684
3835582778
3837647936
3837104598
3837434869
3830330001
3835717520
3835249801
3814725642
3769251813
3837797882
3830367294
3837045118
3837027601
3814729059
3837020080
3836209118
3800616936
3834355518
3838215694
3837320659
3836674885
3838940676
3838701875
3831106500
3831106500
3831169647
3835535128
3835557603
3835531471
3830985221
3818110356
3836038603
3819569890
3830353802
3834194447
3837026777
3820538420
3838418727
3838418055
3830372693
3834380156
3823888957
3835450866
3834354918
3751746345
3750894288
3830904405
3837956394
3750894288
3818567155
3835244054
3830904405
3835557299
3837294557
3838289257
3839136675
3800676532
3731591212
3823892550
3837021807
3777031598
3831168608
3832130778
3830134727
3834455322
3759199705
3836222924
3819595152
3707088923
3837005145
3836396656
3834373936
3787698388
3832652350
3820521526
3838285446
3703679821
3835558017
3837053482
3818593895
3818152321
3800617844
3838444187
3837414642
3833659419
3834646010
3837222669
3837225985
3820538401
3836041495
3838704822
3831173114
3838456242
3834641749
3838262062
3836488359
3817738888
3770629106
3834194984
3834105050
3837662812
3830988330
3833921534
3839666544
3764309932
3834474218
3817031871
3837322323
3835599173
103299858
3830923039
3742598052
3836857909
3602342665
3838416937
3833649890
3836229209
3830366318
3834654511
3836329284
3830922165
3838444187
3830922165
3819522237
3813126130
3836222924
3830324594
3816728545
3811751171
3837408805
3831152876
3834586614
3833634551
3837321620
3834664174
3836085002
3834023372
3834931344
3834230688
3836182983
3818546042
3723982083
3834373936
3829449413
3800676681
3832066922
3496703011
3832672498
3823239446
3835870877
3837321620
3835134443
3831173096
3798317658
3789008215
3817609329
3815746539
3824248365
3818427147
3831150393
3806329724
3820325066
3820019098
3837269544
3811665283
3816013176
3836342667
3836128468
3831113391
3759376367
3822749870
3831173096
3789008215
3817609329
3824248365
3834470701
3818427147
3831150393
3833696624
3806329724
3820325066
3830381506
3832672498
3814253926
3836448508
3820019098
3837269544
3834012859
3811665283
3816013176
3836128468
3831113391
3759376367
3831265600
3822749870
3837046002
3816013176
3836342667
3836128468
3831113391
3759376367
3822749870
3785697387
3834472719
3830381844
3770782339
3830919301
3836036739
3836873537
3834328048
3607867817
3826724965
3817067427
3837340648
3835556813
3835518069
3831588010
3836483922
3834663158
3787696622
3838448201
3837055656
3838717984
3836358373
3835170378
3834358286
3837412369
3818955270
3835868981
3805096314
3776703919
3818109360
3835131574
3836582252
3835271309
3839137483
3809472902
3838218725
3723975976
3837227173
3836087508
3838463653
3819743098
3835131574
3836582252
3835271309
3839137483
3837680893
3809472902
3838218725
3723975976
3837227173
3836087508
3838463653
3819743098
3835872770
3831598572
3833949902
3838008968
3834323770
3738554579
3838458347
3837877244
3836826906
3831896122
3833638180
3835268412
3830916843
3738554481
3764870210
3723349346
3836134548
3818114000
3835603566
3830376231
3836148172
3496298597
3580196700
3835875169
3818112107
3835526197
3835610851
3835677867
