3814725642
3814729059
3835249801
3837045118
3837027601
3837797882
3837020080
3769251813
3838215694
3834355518
3836674885
3837320659
3800616936
3837026777
3838940676
3830353802
3818455323
3838701875
3835557603
3835582778
3837104598
3836257684
3823888957
3785697387
3831169647
3831169647
3703679821
3831106500
3818593895
3831113391
3837647936
3830330001
3818110356
3837434869
3838704822
3837322323
3835717520
3830922165
3838444187
3830923039
3834663158
3838015300
3836383603
3723982083
3837684429
3830324594
3830916843
3823892550
3834354918
3814253926
103299858
3605035373
3723349344
3770782339
3766636361
3830919301
3836209118
3824248365
3790175528
3776703919
3834646010
3819591875
3830134727
3816013176
3831265600
3836483922
3837044409
3820538401
3834992592
3663408179
3838463653
3831896122
3838463653
3831896122
3830376231
3836578743
3759199705
3836148172
3831263599
3723349346
3836647232
3832652350
3836582252
3838490688
3836128468
3834639677
3789008215
3835167673
3778895677
3817638025
3833956592
3836646128
3835523259
3834092698
3833954327
3833962483
3836646128
3835523259
3834092698
3816694818
3835526197
3835610851
3835677867
