3799286048
3811618359
3818061449
3813462085
3816216936
3792025087
3757554580
3812354716
3781659841
3808050344
3642982407
3790772902
3784510159
3820060877
3794524993
3776195386
3800938451
3812804281
3802518521
3813613880
3803238837
3809667171
3784318169
3810167227
3817385435
3782022813
3787790586
3739541320
3784512755
3787902278
3817432507
3676108992
3813310380
3805997787
3793982373
3783922973
3664565590
3817625441
3815697541
3705452921
3814769294
3789015584
3772778018
3812956097
3813059446
3569082747
3747487571
3774207266
3800437401
3819541259
3817187485
3802601677
3784512755
3787902278
3817082707
3772426588
3812160867
3816710195
3817432507
3811791944
3805407162
3676108992
3813310380
3820696835
3806657628
3805997787
3806140363
3793982373
3716380748
3783922973
3817544018
3664565590
3817625441
3808271047
3806718548
3822283027
3817876099
3820342284
3767814668
3765985145
3803191866
3818993151
3806309655
3811738710
3820066453
3774923394
3811012063
3156483938
3685996493
3764682114
3765468168
3819791278
3194936234
3792882610
3802898888
3792883431
3775609824
3775607550
3804220010
3821984804
3782026183
3822283027
3817876099
3820342284
3767814668
3765985145
3803191866
3800975931
3818993151
3806309655
3811738710
3820066453
3818959748
3774923394
3819108787
3811012063
3156483938
3685996493
3764682114
3765468168
3819791278
3194936234
3792882610
3802898888
3792883431
3813359135
3821984804
3641768194
3802421686
3820733879
3822006082
3818960554
3822003395
3815683382
3793611492
3813074442
3797953491
3792883431
3817727474
3807188649
3733670986
3822007062
3809942530
3792882610
3820343302
3650030214
3822353998
3772197345
3785896101
3815769366
3641768194
3750252630
3596320161
3728361480
3822749678
3820197410
3791667200
3809942530
3791884053
3664559527
3818449816
3767882552
3822866132
3815838733
3819194245
3812784009
3814769306
3804358426
3664561720
3765467480
3746860621
3812309251
3776407764
3817876099
3820342284
3767814668
3800225702
3809631878
3765985145
3806674338
3800975931
3803191866
3818993151
3809563678
3817397973
3806309655
3772970398
3820066453
3685996493
3818959748
3774923394
3819108787
3194937209
3156483938
3811738710
3811012063
3800295843
3818114108
3789293455
3814154323
3822423520
3809569101
3808534355
3785250601
3817621433
3785820679
3813128995
3732475629
3775739155
3761003306
3673668488
3732868163
3695985149
3820657160
3814544893
3810247282
3761192179
3797242298
3818736041
3809164248
3780326245
3816346151
3815722410
3808367752
3813074442
3797953491
3805078039
3792883431
3817727474
3811834343
3816015675
3807188649
3806436164
3733670986
3822007062
3809942530
3784542710
3792882610
3820343302
3803111281
3650030214
3822353998
3812010705
3772197345
3785896101
3815769366
3750252630
3765679825
3785808558
3817435902
3748027950
3809834396
3808288973
3807124693
3808089937
3819735176
3809776282
3816185391
3811749462
3817546590
3618950995
3766323649
3754350741
3821534149
3807120771
3799973765
3818467897
3822471973
3815590986
3809881893
3803098229
3807120771
3799973765
3818467897
3822471973
3815590986
3809881893
3805059165
3809941068
3820658212
3720880598
3534578511
3811836491
3810633237
3816006640
3817280413
3807153268
3772193597
3817276570
3817193576
3822795499
3762489561
3781641341
3637359761
3800401115
3800951325
3763925274
3800681382
3815516754
3811748044
3774727052
3807116327
3812168930
3812319755
3816200469
3761419218
3811837408
3808011121
3806167614
3800224713
3735946516
3782270622
3822820570
3817365259
3816721578
3657204364
3789293455
3761188986
3813531310
3811749462
3815295832
3815590986
3784414964
3740405906
3817619952
3806178095
3817621411
3818438703
3688011045
3808533020
3818048613
3812881275
3791794107
3659095726
3748222270
3814249852
3799298840
3795167293
3816720014
3793650814
3771900816
3800935954
3782021301
3822842989
3816901072
3822767071
3815055982
3764295625
3508040830
3791948294
3809428943
3815764880
3810779786
3819748591
3679785182
3814766559
3813326160
3727967014
3814137950
3779714855
3535040851
3820176544
3820654677
3641619991
3822577211
3804569401
3820765926
3815767382
3817346710
3820109143
3820674587
3816290731
3775106698
3811780513
3820652220
3817621459
3797054844
3815722410
3810284770
3705388349
3817616977
3800959289
3809011484
3801259493
3806686757
3732868163
3815778834
3765467506
3750108452
3819599340
3785808558
3802340535
3817435902
3748027950
3809834396
3808288973
3807124693
3808284091
3808089937
3819735176
3809776282
3816743889
3816185391
3814392717
3757292593
3811749462
3618950995
3754350741
3766323649
3813472310
3821534149
3803098229
3807120771
3799973765
3807120771
3799973765
3818467897
3811743744
3803149661
3822471973
3815590986
3801290961
3802404916
3809881893
3805059165
3809941068
3720880598
3534578511
3811836491
3774635780
3810633237
3816006640
3817280413
3807153268
3772193597
3809656645
3816006640
3807153268
3817280413
3772193597
3817276570
3822795499
3719242367
3812878281
3798198369
3762489561
3812844593
3814140031
3822471973
3745499466
3652045401
3788279575
3814392717
3811011089
3818995583
3809831432
3744428152
3784194856
3820367568
3770599745
3807152978
3760760252
3807891083
3805202145
3745431943
3798105596
3817584144
3816743889
3820187383
3761188986
3813531310
3815582383
3811749462
3817609296
3815295832
3811403064
3815590986
3784414964
3805384865
3782715445
3809361459
3534286558
3814137950
3801231971
3808224376
3810284780
3792867996
3822577211
3724396126
3750805665
3814030098
3798629389
3801228585
3816003451
3693563277
3694165283
3809166308
3785427563
3815208013
3810691655
3535051070
3754941748
3808053596
3814386851
3782021301
3822842989
3816901072
3809404981
3822767071
3815055982
3764295625
3508040830
3791948294
3800955429
3809428943
3815764880
3774700951
3810779786
3819748591
3679785182
3809166308
3788222095
3814766559
3813326160
3809643482
3805238044
3727967014
3814137950
3779714855
3775452291
3714697428
3817732965
3818769899
3811058547
3737436953
3818048613
3814405203
3738245403
3816900377
3797467348
3744801922
3618559499
3726077866
3755009341
3819170633
3815059349
3821540106
3807521335
3817193576
3811011089
3811832733
3815829012
3811062646
3807755137
3818158930
3787688219
3810563841
3814140031
3719208052
3812305606
3818120080
3816117123
3792748508
3805147914
3803689678
3804137381
3736012998
3791834664
3815537732
3724277413
3806455964
3699073129
3782715445
3809361459
3534286558
3814137950
3801231971
3808224376
3810284780
3816117123
3809571861
3806775018
3792748508
3805147914
3804137381
3791834664
3724277413
3794037471
3801601228
3700411505
3806455964
3794036465
3809583125
3814030098
3699073129
3782715445
3819563827
3534286558
3801231971
3810284780
3809361459
3724396126
3750805665
3764304489
3820844663
3689051701
3790061580
3822492498
3809773000
3784195704
3816379413
3815061237
3812052804
3815634597
3762902146
3816345650
3798556338
3818157812
3679785182
3798601016
3816353812
3641746775
3813577717
3767317931
3774025431
3782761087
3659853479
3818174194
3750651996
3768530776
3727577103
3823004697
3811284191
3797838713
3814765657
3807705674
3644738192
3804065330
3808016057
3807717274
3816160252
3756394858
3602142871
3816140113
3813577739
3811717447
3742245222
3814414062
3738248143
3810146377
3822829352
3738248143
3790168703
3822829352
3810146377
3800595723
3817728464
3816005184
3788140873
3737744784
3726074843
3809668219
3809665385
3785861772
3802915640
3714694910
3734861108
3816011056
3812053725
3619483048
3784468056
3763380440
3822770436
3822813728
3813652246
3745394856
3817728464
3809464257
3801298469
3685660502
3815396567
3812056371
3812188882
3813287532
3822870697
3811422732
3706328043
3664537632
3816353812
3814497903
3603181468
3815064024
3812659099
3815139584
3822743908
3812239312
3821746014
3767894489
3807704585
3816796617
3819592907
3814265952
3821746014
3817621578
3767894489
3530741948
3817387453
3817360966
3807704585
3816796617
3819592907
3688086950
3822870697
3812104685
3782019590
3814270402
3641619991
3797973496
3816140113
3806322792
3822815948
3814137284
3746717271
3563806408
3802128395
3756394858
3733689800
3767319822
3803180388
3815490428
3787616179
3787416251
3803665595
3802978270
3782757287
3763909296
3800556292
3792867996
3783565233
3796168099
3790102781
3798617391
3815103634
3814176119
3693563277
3822404798
3783905983
3721919158
3718956353
3776651982
3820574913
3804497448
2911050675
3820375752
3815537731
3789405325
3744864041
3807534528
3793515179
3721912814
3820029036
3606079756
3685660502
3817404311
3746279358
3804065330
3822269785
3688088760
3815238272
3815063014
3797969878
3742046132
3798164131
3742496394
3766617519
3822405574
3734717178
3810545590
3811748169
3798430578
3812314685
3742738114
3818121517
3814269486
3634356567
3812326353
3814800797
3814270259
3795173241
3650203219
3808823354
3814272119
3812104289
3731592988
3780607576
3810252973
3811061295
3781913250
3806777734
3796550945
3800215103
3804074492
3642761279
3773541825
3813287532
3810163359
3803688798
3750339367
2981122235
3708915683
3731595825
3784375251
3796838117
3779390559
3808661628
3807587084
3806154593
3809596705
3778881825
3810253854
3803529841
3804520588
3822271666
3744878134
3814149610
3815064024
3812412710
3811284191
3678053444
3684300133
3747049825
3821270443
3812848875
3812226714
3683896898
3612396255
3738246292
3806949860
3806180498
3812226665
3822727569
3796170219
3786724079
3674783876
3598182366
3723322599
3681926669
3784195704
3816379413
3815061237
3806114779
3812052804
3815634597
3762902146
3816345650
3820267410
3798556338
3802409905
3818157812
3679785182
3798601016
3816353812
3641746775
3811932401
3805454977
3813577717
3815533162
3767317931
3774025431
3782761087
3659853479
3807717274
3644738192
3807705674
3816160252
3812490207
3812317144
3602142871
3742245222
3814414062
3816345638
3822271909
3801440261
3738248143
3809663345
3790168703
3822829352
3810146377
3789094500
3800595723
3816005184
3788140873
3737744784
3726074843
3817890923
3734553428
3745572496
3814496953
3814132054
3802128395
3818178015
3480052745
3821985700
3784319113
3821268598
3817040231
3815490429
3772193353
3742240999
3818167865
3815147469
3417926880
3732565444
3818422605
3746856515
3783940776
3785535291
3790930919
3822599434
3757479897
3820738018
3802097893
3733854468
3738246456
3820251260
3774676141
3803618670
3817799193
3578468497
3819575772
3750653661
3818606396
3761481100
3694166251
3803225346
3597393812
3815254241
3801295428
3802401297
3806331000
3803225346
3815254241
3801295428
3770154720
3806331000
3817011778
3739526565
3792256288
3815858467
3811033786
3802097893
3815862094
3746847670
3687334530
3668296772
3802401297
3820299998
3750106511
3786718839
3814125062
3822571425
2980045232
3783394138
3819552211
3816093832
