3837057246
3839641679
3836400119
3836871945
3833649032
3831589813
3831558485
3835558986
3837456956
3831282793
3831250019
3833639259
3837090178
3835418772
3835728229
3833982967
3755518250
3771504678
3837029784
3834669338
3837617394
3837672283
3836227266
3838716835
3838450646
3835728254
3820040382
3837861322
3838284584
3838009056
3838494395
3836226195
3834376583
3834671218
3835513284
3831580877
3832339903
3817630869
3838941475
3835559394
3839171481
3835240058
3839232049
3839232049
3830521750
3838493574
3826136753
3788426278
3831237807
3835609374
3829230048
3836856923
3839171481
3838930449
3835725491
3837376180
3838930450
3837028650
3354858254
3820383532
3838448167
3838931236
3835727325
3835510841
3838004690
3835162770
3835166252
3833648040
3838931236
3835727325
3835510841
3838004690
3835162770
3835166252
3832683452
3830362327
3815798898
3834199332
3790093949
3837393462
3836065942
3838245153
3829691701
3838926722
3686164272
3838305005
3830971819
3833949456
3835485296
3835192959
3837824980
3818273174
3832681855
3816012566
3834329410
3838925857
3834325242
3836680583
3837005369
3816008316
3838761774
3801593322
3838444972
3835634897
3834730690
3831557643
3816000715
3835467657
3649920056
3837332111
3820582858
3839812097
3834730690
3831557643
3816000715
3835467657
3649920056
3834407944
3834140844
3837332111
3820582858
3836856923
3839812097
3791112655
3837666970
3836189151
3816735190
3837672291
3836571106
3835507360
3832683452
3274780304
3817742166
3837015340
3774939677
3834702835
3832652298
3761599541
3633371714
3691317397
3838491681
3834707241
3800247238
3620766063
3789002860
3818734734
3837873208
3837022583
3500669535
3778892996
3838488830
3835613656
3796560881
3832652298
3633371714
3691317397
3838491681
3834707241
3800247238
3620766063
3789002860
3818734734
3837873208
3500669535
3835159631
3778892996
3835613656
3796560881
3838488830
3750889674
