3821017546
3825506496
3826804287
3826680540
3828947092
3824066975
3825890436
3821036118
3824994416
3823242315
3823390065
3819427965
3828822489
3826385151
3826404488
3826985041
3824057332
3826408321
3821180965
3824663894
3764503212
3827351315
3746274720
3824879335
3828080122
3775259090
3826358075
3824257050
3828145960
3826357880
3816980279
3822154719
3828062907
3821052304
3825504476
3803080846
3744393770
3807492621
3639504051
3826420337
3810256550
3823238127
3828929473
3828187832
3826683119
3826405074
3823817578
3824226110
3712728412
3826027078
3827582275
3792908477
3828037426
3819416606
3828039290
3826679976
3828382560
3768801877
3821184039
3825744205
3826365050
3825808488
3824754448
3828044428
3826682382
3824809445
3826378740
3828609399
3824337838
3827864679
3823471067
3824548592
3824115099
3827626969
3828157271
3827864679
3811591064
3824227189
3828187832
3827699124
3828194389
3823668529
3779469653
3712728412
3828145960
3746274720
3818267171
3828898970
3823238127
3827054926
3826385151
3823242315
3821190761
3825506496
3824655822
3696845080
3825910276
3826804287
3824337838
3819974276
3811507748
3631301675
3819465220
3823623459
3829099941
3824996560
3827698150
3828068747
3810854051
3828136024
3829060760
3828266922
3757296835
3811591064
3825910276
3824051786
3828194389
3827381329
3818267171
3827850244
3811005461
3825254470
3820474065
3824067805
3828682296
3824878812
3828607848
3828823077
3824794056
3779469653
3819969424
3826689138
3823668529
3824549839
3829301701
3827706603
3814758286
3826952379
3825937026
3828684015
3828367304
3824776486
3824631979
3824142584
3825035406
3826357727
3827061049
3819968455
3825719216
3827661478
3824227189
3787326015
3824655822
3828048494
3811305755
3828057095
3819411552
3821199418
3811308374
3827377380
3825502842
3826878652
3819966547
3826629449
3825845740
3827054926
3824762148
3826012831
3828012983
3828053228
3813752964
3824789188
3820461645
3825721021
3813791606
3826969406
3823225942
3822123429
3827377372
3824162580
3829301701
3827760962
3821184887
3825718360
3817527067
3823895273
3811304904
3825864719
3781195932
3827342759
3828043317
3824044781
3824787439
3827698063
3824140788
3820499139
3828239820
3828043317
3824787439
3827698063
3824140788
3823291547
3821309804
3820499139
3826015244
3826849607
3816719169
3825019490
3827760962
3826418529
3826683228
3819465098
3826681448
3823232783
3828022826
3805388468
3826882814
3793615721
3829069893
3808160949
3645759601
3824055041
3828112974
3828147687
3824055041
3827381232
3827712167
3821180956
3822122458
3827084450
3824325582
3807788879
3824559018
3825919989
3824666253
3812921520
3826682844
3824991603
3819993257
3826605701
3825069289
3817886134
3827760978
3828121351
3828820994
3828120389
3826398916
3828033143
3822140860
3827762370
3828121351
3828820994
3819409745
3828120389
3828272356
3828824640
3825088198
3825512867
3828845803
3826398916
3824693752
3828824402
3825766142
3826623048
3821178864
3819973112
3823661954
3819465230
3828300844
3822124354
3828248575
3825249873
3818328219
3825033669
3824234580
3815287468
3819419277
3720179107
3826983162
3825516163
3770614690
3825776770
3828310412
3812918814
3780415698
3829074946
3823296183
3828609304
3822125326
3821186009
3826148274
3826976870
3816892402
3821156026
3815290105
3826987035
3818331107
3822140860
3825922473
3819969407
3825257272
3803672709
3822643092
3812433794
3791463932
3828019988
3825865445
3827816701
3825035237
3825270370
3819417480
3823668123
3826843762
3826068509
3815221951
3824785551
3819970300
3810849721
3818328244
3824975353
3828117543
3824782998
3827709396
3825028984
3810849721
3824975353
3828117543
3824782998
3828927541
3821024257
3824785536
3815243791
3819930252
3821309805
3822125319
3821764049
3815287467
3826406987
3826411000
3828059365
3811669151
3828066824
3813059933
3819457953
3822125322
3809346247
3825967205
3822127160
3825426614
3786922654
3824089899
3824789182
3820418912
3817880771
3828900657
3761523706
3828950510
3824549978
3821081139
3828381754
3819968452
3827662385
3810228508
3824863323
3814477528
3809765382
3794955309
3824785551
3828626181
3828191935
3807136503
3816121071
3826068715
3828056018
3814725467
3828187565
3829091133
3826024236
3807194262
3821186022
3775981053
3808120448
3824075386
3815289233
3828241457
3824145147
3828202681
3824536175
3794134717
3819459785
3825247794
3823474117
3826880889
3827666100
3825428028
3758914711
3822123430
3820497358
3824786473
3813060854
3824989370
3828614056
3828187877
3827877433
3809803620
3826191257
3814722599
3824789196
3800584212
3819419366
3824089899
3828194051
3828073110
3824209598
3828939212
3761935805
3824627461
3814235649
3824271698
3825365558
3825802354
3827877433
3809803620
3817883594
3826191257
3814722599
3800584212
3819419366
3828194051
3824209598
3761935805
3811306333
3824627461
3814235649
3825365558
3820498357
3828052618
3826375921
3824271698
3827887904
3821181897
3828934484
3828019988
3827380248
3826981433
3793653734
3824234060
3828835318
3825428053
3825745066
3824078492
3827383013
3824905427
3824626850
3826394854
3826673584
3828690489
3828367820
3825774561
3825909691
3823288679
3703211949
3811179273
3824877475
3825001102
3824079156
3821166954
3827764377
3811541727
3825226135
3819457959
3828028832
3819417471
3826142394
3828029655
3819464430
3824655821
3828945363
3817882615
3811180167
3828610356
3829099311
3827878447
3764784124
3824784728
3829061334
3826602948
3783425050
3826879299
3826806027
3825245057
3826671410
3826388046
3823655948
3821183208
3811304795
3798680918
3828027049
3827319252
3825926362
3827887904
3822644006
3828156742
3826515679
3808029314
3823931652
3814510585
3824145117
3819409293
3827727147
3822643093
3780097116
3828300814
3826320402
3826315621
3815227334
3822129045
3819453950
3826396307
3827852149
3825478183
3820463760
3825577630
3823239835
3776797090
3823250947
3824836588
3771387841
3826063291
3810364277
3810364314
3824807289
3796566940
3826679892
3747252934
3442390036
3442388130
3826080401
3817878946
3807739800
3822115107
3806408509
3825116254
3821024679
3826142537
3828832263
3828032338
3828151226
3824882175
3828335430
3823225376
3825727189
3811304366
3814783555
3828132618
3824782994
3826631665
3828121062
3828268619
3827768095
3827662226
3808120448
3828899348
3827890786
3824784968
3825747766
3444986346
3815288404
3826478554
3826982253
3814277110
3828117409
3829098955
3822107146
3828054688
3826143337
3826068932
3801473027
3823273457
3602430465
3824788454
3828266908
3826403390
3799972378
3824697241
3826065250
3826374653
3826062876
3829079881
3822124350
3821034589
3819425910
3829063646
3823271235
3822639854
3824256572
3442060151
3824668228
3702487028
3811301684
3827693048
3828689589
3821047043
3827056759
3819964488
3827375979
3442055903
3757416755
3821310512
3824533390
3822640647
3819417468
3826068191
3821041840
3808012238
3808032204
3794785154
3811305129
3816892401
3828814247
3824650186
3819968358
3826629570
3824984810
3826047952
3823255904
3824656658
3826670636
3828838669
3827721268
3825741343
3821028880
3442385320
3827662385
3824660106
3824991051
3826509646
3825187352
3811509562
3826070878
3828058162
3736235707
3815656361
3827380208
3828324834
3824761930
3806670009
3793655647
3828188565
3828076451
3827852149
3823250947
3825478183
3820463760
3825577630
3823239835
3776797090
3826063291
3824836588
3810364314
3810364277
3824807289
3796566940
3828933987
3826679892
3747252934
3827721268
3827852149
3825478183
3820463760
3825577630
3823239835
3776797090
3823250947
3824836588
3771387841
3826063291
3810364277
3810364314
3824807289
3796566940
3826679892
3747252934
3442390036
3442388130
3826080401
3817878946
3807739800
3822115107
3827058144
3824548934
3823352450
3828032333
3826404601
3828224318
3825782300
3825099898
3825721286
3776605326
3824880573
3781611130
3822662176
3811507747
3826687197
3826680905
3819461595
3825903028
3826884488
3824252070
3824859259
3811199947
3828149531
3826884533
3819982313
3691333891
3826687197
3826680905
3829302363
3819461595
3825809052
3828938607
3825903028
3824859259
3811199947
3828149531
3826884533
3691333891
3828608581
3823517768
3824900408
3824670141
3775808699
3821179985
3827801815
3801861481
3825805632
3827380208
3825748265
3819982313
3827528828
3771393271
3704363519
3824075362
3823225793
3812875173
3825489946
3704363520
3442388130
3827665179
3821174844
3827811250
3827809572
3827697316
3824082190
3820424129
3826883551
3737970492
3781870146
3811181100
3824782994
3802418006
3732840531
3770472035
3823817607
3827577651
3827697316
3828055433
3824082190
3823817607
3820424129
3737970492
3827858282
3781870146
3811181100
3732840531
3770472035
3827577651
3824783860
3810373446
3828052744
3803033988
3824252070
3777991343
3822122459
3824161692
3811304287
3826884488
3827763384
3827532463
3828938256
3812205951
3826185547
3824086096
3826045593
3825806595
3827821068
3826983057
3824799356
3780770151
3826080646
3827383033
3825878413
3828843237
3796410605
3825428113
3823381123
3808172555
3824653850
3779595037
3809798411
3821182234
3826677616
3826381944
3806171945
3812609266
3824633364
3824208024
3826684064
3828109169
3828119185
3811306319
3828281823
3826311870
3631359747
3825755373
3809552175
3825006590
3828267851
3809547835
3824899936
3814722603
3825085030
3826645568
3822990397
3821029837
3824660105
3828187606
3826879883
3828150373
3826108988
3780451149
3824784734
3829318040
3828043441
3828157342
3794168221
3821185134
3825921303
3824632650
3823228839
3823522240
3811050585
3828650011
3825467839
3742622741
3747646421
3826668672
3828189338
3823276705
3828043495
3807491522
3799024791
3825925365
3828851167
3825428155
3824987364
3826383511
3822127157
3828841413
3826678709
3778747269
3829064423
3818538171
3822127148
3826825490
3777371787
3827494969
3828613100
3821001526
3825027166
3826139501
3828156658
3824265174
3826378579
3824670313
3824840191
3824760903
3817884481
3826087071
3811308389
3826144401
3825945791
3825402557
3813062728
3824612342
3824537189
3823516959
3824547091
3826689536
3826980545
3825808370
3828683310
3821156027
3828825726
3828935225
3825755373
3825117091
3825878536
3826355843
3824783866
3826016081
3825719232
3826506307
3823371187
3821316022
3824691979
3824795090
3826359987
3820359661
3828841440
3824787442
3815290096
3817313737
3815877477
3822122457
3824514596
3824789195
3818873972
3826512997
3780347857
3816814413
3811072030
3821316021
3819968461
3825741481
3825808375
3822643095
3819967551
3791472217
3692383419
