3825102967
3821312503
3814448856
3820840997
3824863838
3826856368
3825951443
3764802327
3826385820
3825919859
3787106879
3824229143
3811055686
3811426128
3809000348
3828049101
3817041891
3805321877
3814452474
3823866602
3821189180
3823694982
3826157645
3826385823
3805321877
3814452474
3823694982
3821189180
3826157645
3826385823
3826953660
3826409570
3791036066
3826858301
3819415479
3826065450
3814241838
3823669029
3811725482
3811397489
3826383807
3822277698
3770296796
3810118027
3814729059
3819975180
3820531896
3810375400
3820333842
3810342080
3815772170
3800616936
3807174986
3818184373
3764701497
3817043686
3806814650
3826672446
3817410629
3813351939
3799434225
3803156930
3826066695
3816171595
3697080463
3810653056
3817195243
3790312301
3805251252
3736461750
3787630719
3824076094
3823844712
3823446065
3823614305
3817107848
3803400385
3814785859
3810653056
3826626950
3816160463
3813638722
3826076145
3285520671
3822808681
3816391784
3826421327
3816814266
3819569890
3818110356
3816170867
3786079502
3790164824
3807766660
3813673593
3824268077
3787965870
3814135888
3819595046
3792934620
3790968126
3823444553
3819198946
3826397608
3825737180
3828121594
3750894288
3823344113
3814235751
3823649680
3816405591
3821169883
3806728341
3787694745
3818567155
3562531248
3826898723
3818185291
3641765379
3750484151
3826033452
3805996863
3806721515
3730344952
3826898723
3826384194
3824081681
3820499529
3817034907
3610348136
3800589637
3824225148
3826008246
3826006519
3828039876
3827817111
3821004767
3760162810
3817320293
3822330785
3759199705
3826096562
3820052082
3732031204
3824276057
3800681264
3804746560
3823888957
3821169883
3787694745
3806728341
3815792428
3562531248
3818567155
3818185291
3641765379
3750484151
3826033452
3805996863
3711104624
3820392321
3801455852
3794931715
3828039874
3808027686
3806721515
3730344952
3826898723
3826384194
3824081681
3805452768
3610348136
3800589637
3810256003
3820323938
3824225148
3826008246
3826006519
3828039876
3827817111
3809351088
3821004767
3760162810
3817320293
3817318224
3759199705
3826096562
3816168464
3820052082
3732031204
3824276057
3800681264
3820234836
3827361434
3819575554
3812962880
3769777986
3822423427
3825316272
3814247912
3819942112
3817191696
3732029588
3818739282
3776019208
3784450799
3819529354
3819380775
3828045491
3826688755
3806826571
3769784038
3769883339
3822987509
3813077046
3779381714
3800483941
3811028616
3818154307
3822865497
3820546233
3806442023
3781174744
3803020298
3818782352
3748410547
3769785030
3703679821
3821181234
3792098219
3824230115
3824655071
3818082094
3744811294
3732031204
3748739383
3769777992
3818542917
3818593895
3825611971
3812965101
3823497698
3805537022
3732867302
3778861740
3742720605
3820359248
3780018785
3826389914
3797107698
3805966360
3814750572
3815203854
3790634168
3823234222
3824227288
3787698388
3826673640
3820368752
3826600215
3811175966
3814667591
3817433752
3807158763
3822865545
3812962880
3782984316
3822423427
3769777986
3732029588
3818739282
3776019208
3784450799
3819529354
3819380775
3828045491
3826688755
3820538401
3769784038
3769883339
3822987509
3822423428
3806826571
3813077046
3779381714
3800483941
3811028616
3818154307
3822865497
3820546233
3806442023
3781174744
3803020298
3818782352
3785301561
3778902620
3816933747
3802800722
3602342665
3796974474
3822767746
3806512846
3756685427
3772438972
3756338635
3824180550
3819522237
3817316553
3819423026
3819986192
3789799465
3809653659
3821173986
3824841723
3827868910
3817122113
3815513368
3813432585
3590311161
3018271980
3824668391
3813290066
3824264381
3823734020
3806693433
3826047697
3814629929
3755192571
3814132878
3763198277
3815935363
3791293351
3799134984
3822817231
3811288940
3826142664
3824257668
3817031871
3783827477
3817196654
3776466070
3820331114
3814286011
3792115541
3817377628
3813928704
3759635288
3773300362
3822490565
3826851805
3802516229
3776019208
3811384260
3804485858
3807537421
3813459120
3791869273
3826850925
3664566507
3822939457
3807909152
3810856446
3728138261
3808430389
3750859958
3807315401
3823259789
3806816748
3675040742
3817738888
3769781555
3799135698
3813126130
3789243061
3822817029
3810247764
3826066797
3823611725
3770629106
3791867102
3818820601
3769882489
3811046993
3647992058
3814153752
3822290759
3810607341
3813729561
3779647808
3798349539
3828131099
3791273169
3814589931
3828033151
3821160088
3786962092
3719387504
3815692033
3811825502
3814492945
3824416594
3821938157
3806424371
3786154275
3764309932
3817870878
3811088222
3748930642
3823892551
3751499249
3827536275
3769883342
3828000548
3823363087
3807264366
3810119919
3817389053
3817389053
3776388079
3823638466
3813241528
3811589547
3817098363
3796872291
3828130066
3807264366
3814385739
3739421569
3808192189
3808026160
3807537421
3820571701
3826388177
3769884016
3828048195
3778229122
3824765068
3817383771
3819404605
3800676681
3742598052
3819934747
3803833554
3822105597
3706084297
3788695368
3820019098
3827885740
3817857552
3826977853
3799028875
3812335232
3822490575
3796391378
3808569275
3806187297
3809817279
3818427147
3814303407
3822826299
3819931957
3826384878
3812346086
3496700303
3784241974
3803649638
3825950235
3825765056
3825427510
3819423026
3819986192
3809653659
3789799465
3805479976
3769777988
3821173986
3811654382
3804524607
3827868910
3817122113
3815513368
3813432585
3590311161
3820248346
3769880494
3787774513
3817002784
3826394433
3817197543
3815725713
3811822898
3496703011
3824841723
3815685081
3815948322
3816928275
3664532465
3796979069
3819937814
3809934091
3817385793
3818884285
3828046476
3812242993
3764983994
3827768180
3727746311
3806683951
3712813803
3815842277
3761381874
3825948761
3822909044
3816128581
3811908766
3819951257
3818099999
3806677581
3809224430
3824261756
3803235248
3815652826
3824881518
3821001031
3786534329
3806116712
3822109253
3817072983
3815694188
3813737445
3815715459
3819535977
3808870037
3820249239
3706087109
3819474549
3819986192
3824082303
3817072860
3821171994
3808508877
3826609397
3698334866
3824041451
3791863285
3823420405
3722235977
3740052581
3825732682
3816925738
3806696714
3815366204
3735218997
3812263857
3821032126
3792360156
3812935123
3817442559
3809625871
3808405581
3819934747
3803833554
3803833554
3822105597
3706084297
3788695368
3820019098
3827885740
3817857552
3826977853
3799028875
3812335232
3822490575
3796391378
3808569275
3806187297
3809817279
3818427147
3814303407
3822826299
3819931957
3826384878
3804217685
3812346086
3496700303
3784241974
3744874498
3822826299
3744874498
3819939321
3823303289
3806694132
3824756784
3770639425
3807180769
3713872792
3823007088
3826668733
3824324655
3808648802
3806816178
3801785684
3801197280
3812148733
3802177081
3813436356
3821002857
3819760131
3811822898
3496703011
3815685081
3815685081
3817609329
3821171994
3820363993
3815948322
3816928275
3664532465
3796979069
3819937814
3809934091
3689587205
3817385793
3750355423
3818884285
3828046476
3812242993
3764983994
3802410142
3806683951
3727746311
3677277641
3816128581
3712813803
3825950235
3654217218
3761069369
3819421075
3806685513
3824834163
3744853443
3815373296
3813262533
3798427727
3818273584
3818216783
3603350940
3782435058
3766802239
3814402572
3819943027
3814258829
3825107154
3817401061
3825004375
3778233193
3798433316
3812960863
3782454233
3638512663
3760881380
3821001031
3806329724
3786534329
3806116712
3817072983
3815694188
3813737445
3815715459
3822109253
3820499647
3819535977
3808870037
3820249239
3706087109
3824881518
3819474549
3794689355
3808387092
3750860900
3812246401
3695768675
3822481936
3823363086
3793148661
3822749870
3790196797
3824539762
3815686601
3764704264
3816313784
3764778819
3819528318
3627705574
3800456846
3821890955
3826074558
3825100661
3810561215
3808178596
3723975976
3806303165
3807920942
3812334343
