3811618359
3799286048
3789269848
3813737795
3818061449
3792025087
3812153059
3813462085
3784510159
3761350902
3814387986
3812354716
3790772902
3798623690
3809667171
3815337399
3642982407
3765448605
3817544018
3808050344
3800938451
3820696835
3801296644
3757554580
3817082707
3715899595
3819599897
3584545105
3798609026
3627422393
3642982407
3812471705
3820060877
3784318169
3814141500
3817617534
3810723969
3802601677
3816710195
3803105509
3727509934
3813613880
3816216936
3804926448
3805997787
3653163597
3803238837
3804033535
3782047529
3806140363
3806748880
3784859181
3809432667
3818400600
3814781991
3787902278
3820306839
3786424286
3814769294
3723984690
3787334893
3816805974
3771019753
3809683573
3782022813
3813585733
3816736033
3776733356
3813310380
3784369432
3707036662
3817745181
3818047167
3817625441
3776195386
3816887830
3817385435
3807142659
3808255103
3812160867
3812804281
3737436249
3803720475
3748954416
3814141500
3814782804
3800204003
3814121915
3800400589
3809683573
3780799927
3815770882
3806718548
3787790586
3815697541
3804572257
3818400600
3819541259
3730677542
3776195386
3776195386
3569082747
3818097362
3811011144
3809432667
3786424286
3784859181
3815745691
3793982373
3815747408
3812956097
3782022813
3815108081
3819572455
3808271047
3765211783
3814781991
3806748880
3807522026
3816338884
3787334893
3814769294
3813310380
3787902278
3812197738
3771019753
3820663671
3794524993
3723984690
3805437308
3813496676
3787334893
3807714294
3820306839
3680164504
3782022813
3817187485
3803117537
3818116484
3680163630
3813585733
3820282600
3811829951
3818062038
3816736033
3816805974
3804045176
3776733356
3747487571
3820304046
3815683382
3800975931
3792886014
3740493683
3792882610
3767825714
3792883444
3803000224
3789430102
3801291037
3706281556
3760358075
3792887013
3792878995
3791667200
3802747185
3786027112
3820060874
3707040103
3785332273
3820674587
3818993151
3801408747
3765468168
3774207266
3817623701
3590301449
3803649537
3808258478
3818097362
3807286729
3820342284
3806000574
3818114108
3808267821
3814170041
3738675902
3731292705
3764698851
3816338776
3805647536
3693024071
3810167227
3820766871
3780709313
3818414323
3797067813
3676108992
3764699727
3817748532
3817748532
3764699724
3800437401
3785900374
3760010091
3764702361
3783922973
3764703291
3803194715
3785899494
3714771636
3820736317
3747487571
3735736509
3707033652
3673661803
3734650285
3789015584
3732128468
3707033698
3816071674
3820507413
3814287701
3664572543
3820236518
3707040103
3792883431
3714771636
3799033070
3747487571
3820236518
3707033652
3673661803
3734650285
3811834343
3789015584
3732128468
3805416008
3707033698
3808367752
3805078039
3816071674
3820507413
3811012063
3814287701
3792886014
3685996493
3664572543
3646109618
3792885228
3664559527
3775609824
3738355868
3774735473
3813438303
3575800122
3646112530
3804220010
3820733879
3801186476
3685996493
3690635577
3806652732
3818959748
3819108787
3774923394
3724131544
3811409131
3733618283
3802425151
3818151280
3765985145
3814769306
3785250601
3786546308
3780869784
3816015675
3814517340
3809770271
3792887013
3786027112
3797953491
3804203709
3740493683
3805380712
3800224713
3814111611
3801182819
3709988818
3767882552
3814154323
3820197410
3814781983
3792883444
3816724266
3808269922
3811834343
3809442638
3816174485
3818271634
3818271634
3783930009
3807974233
3785821657
3713979641
3808367752
3815762368
3805408959
3818449816
3816709487
3791884053
3771073478
3806436164
3819791278
3803117883
3783913643
3818449817
3811779459
3820767951
3800951325
3816160089
3810315103
3738943686
3815719572
3800563026
3814783744
3775607550
3767398922
3811744671
3664559527
3816721578
3775609824
3656683504
3811042298
3738355868
3774735473
3813438303
3575800122
3804105254
3812391549
3646112530
3804220010
3820733879
3801186476
3817607709
3685996493
3690635577
3778479475
3806652732
3818959748
3820766923
3811837408
3769785024
3808772086
3636283736
3673673371
3820658212
3781252541
3808739152
3818017938
3774727052
3812322610
3785820679
3817621433
3817624380
3801259493
3819778027
3807754081
3800681382
3800158653
3775608427
3817337648
3820367568
3812844593
3817081426
3799973765
3817085248
3797242298
3811667239
3590307510
3810827194
3746741616
3814544893
3813686239
3806120475
3814544892
3768861955
3810675810
3800968088
3814275016
3705388349
3814172040
3745599359
3769879760
3784533476
3815109595
3818161413
3737742510
3817621411
3810284770
3674698727
3818960554
3771777319
3805512133
3820765926
3805463203
3809192668
3814404493
3818060470
3739120972
3815046844
3732241912
3815742089
3807532899
3802275372
3799974838
3813472310
3728359737
3776221956
3813584751
3800673168
3764682114
3761003306
3811749462
3817616977
3815456560
3770599745
3810247282
3760760252
3818161413
3807153268
3803431289
3808032213
3808525758
3817081426
3799973765
3818438703
3820105737
3590307510
3807317914
3810827194
3812881275
3746741616
3813686239
3806120475
3819583759
3768861955
3805408990
3819192603
3816857453
3817346710
3781641341
3596320161
3801923932
3772486767
3815767382
3804568409
3809164248
3799950021
3794090045
3818057753
3728361480
3804569400
3695985149
3789293455
3784528247
3819194245
3810163359
3775288073
3809776282
3802716645
3739536890
3798629389
3808089937
3808088985
3802916699
3809461533
3659095726
3801217236
3810226483
3777286963
3817435902
3732475629
3817931325
3819583759
3757674553
3806864169
3761188986
3769877930
3720880598
3818736041
3786291628
3817619952
3677922932
3813654156
3766040882
3810691655
3818166224
3772193597
3785808558
3776407764
3814236557
3801231971
3818700116
3807755137
3745499466
3818157874
3798838420
3808053596
3798982858
3811832733
3792876897
3766672101
3788121025
3821540106
3812305606
3791948286
3814402504
3817337648
3812830534
3820367568
3812844593
3814198929
3763112096
3812319755
3664561720
3818061432
3762489561
3820836895
3489195026
3750252630
3600170485
3792366505
3805762736
3769880489
3820657160
3792891238
3778535316
3808534355
3801995659
3817337648
3820367568
3819735176
3778298025
3775852913
3763112096
3812319755
3813761479
3664561720
3813472310
3762489561
3817607709
3489195026
3600170485
3792366505
3750252630
3769880489
3820657160
3805762736
3767372980
3775106698
3801995659
3813902323
3821535225
3805059165
3797054844
3820105737
3802086498
3810691655
3803158932
3819587130
3809835373
3800680354
3784414964
3807291440
3812881275
3817732965
3806686757
3677922932
3813654156
3766040882
3807751481
3778536310
3732867300
3798155323
3772193597
3785808558
3819599340
3785808558
3819599340
3814236557
3801231971
3809441736
3732868163
3818700116
3807755137
3811836491
3745499466
3798982858
3818438703
3737436953
3792876897
3815751552
3812358591
3811006570
3766672101
3788121025
3808053596
3821540106
3791948286
3809834396
3809831432
3815728316
3754350741
3802740965
3800955429
3805202145
3817424988
3745494984
3816720014
3809829961
3808438806
3811832733
3748027950
3820176544
3741794129
3808533020
3814195055
3751420113
3692545514
3820523827
3815295832
3809427376
3769883341
3812878281
3802295823
3659107668
3817424988
3745494984
3818119712
3809829961
3802740965
3748027950
3751420113
3741794129
3808533020
3808438806
3816720014
3811779992
3810779786
3769883341
3819599340
3812878281
3802295823
3692545514
3659107668
3807324155
3818119710
3534286558
3816726023
3761460702
3799298840
3728250662
3790645820
3686259521
3815795466
3715809222
3786718627
3815062093
3750805665
3815059350
3747010817
3742110671
3784203693
3724687710
3782017809
3782743651
3754941748
3813326160
3812446639
3809427915
3815696118
3816294656
3819377781
3816826786
3679785182
3810563841
3761129107
3749283975
3804550203
3707539664
3806352685
3596684875
3815796399
3814195055
3809904289
3802705327
3791946365
3816338657
3818995583
3741268341
3767694486
3818709821
3812332264
3775452291
3815764880
3817384577
3820660004
3792748508
3820844663
3806753477
3404116913
3803656865
3769878823
3652045401
3811076316
3714697428
3811011089
3814392717
3739120999
3820654677
3816117123
3814781275
3769173533
3764295625
3807120771
3808288973
3814249852
3800959289
3815722410
3764298311
3779714855
3812307920
3800990264
3803008518
3807317914
3786291628
3818736041
3814402504
3798105596
3748222270
3804033561
3809660535
3810169182
3774635780
3820322281
3803656865
3732868163
3404116913
3804137381
3769878823
3818017938
3652045401
3806686757
3813544716
3791794107
3714697428
3812362574
3739120999
3820654677
3772424516
3736685159
3814386851
3816006640
3508040830
3791834664
3807317914
3803149661
3804064087
3809881893
3809834400
3661426125
3774393774
3811694138
3815736985
3816976369
3813928275
3808324964
3766323649
3745431943
3813320869
3535040851
3819563827
3820571481
3800935954
3815059350
3747010817
3805147914
3742110671
3784203693
3724687710
3782017809
3782743651
3754941748
3819170633
3813326160
3812446639
3809427915
3815696118
3816294656
3819377781
3816826786
3679785182
3810563841
3689055061
3735308997
3798663654
3820126016
3806421945
3802978270
3803158932
3784414964
3819587130
3810691655
3809835373
3800680354
3807291440
3817732965
3812881275
3806686757
3677922932
3813654156
3766040882
3815208013
3732867300
3798155323
3815634597
3778536310
3807751481
3772193597
3785808558
3819599340
3818120080
3814236557
3801231971
3732868163
3809583125
3784592549
3818700116
3807755137
3811836491
3745499466
3798982858
3818438703
3737436953
3812358591
3792876897
3789170390
3811006570
3815751552
3766672101
3808053596
3788121025
3821540106
3744801922
3791948286
3805382124
3809834396
3809831432
3818099364
3650197983
3797468344
3813321815
3813267209
3807535355
3813250563
3818174194
3738242731
3797470103
3817074397
3602289412
3813320869
3812549524
3785427563
3775730845
3805285341
3723213837
3762695382
3797470109
3792813308
3801601228
3812880933
3796838117
3795173241
3797467348
3797464875
3738243462
3782021301
3812053221
3782019566
3808224376
3818476342
3757242918
3738245403
3736807712
3776651982
3814028195
3805381982
3800215103
3816379413
3796568150
3793204120
3796167287
3773353852
3738239994
3805426662
3809696868
3782019573
