3784592735
3784593580
3829100746
3828516445
3832107376
3832923860
3805319895
3832977162
3828252563
3827261667
3826293682
3826751305
3832206853
3830761633
3825181950
3829320329
3813387148
3805528222
3831400124
3765003303
3829240166
3829971879
3833125736
3797262344
3826786344
3831411808
3828399473
3803027249
3832773925
3803028266
3825506827
3829280357
3831910130
3830540286
3832771954
3832781990
3826874543
3826234747
3828163391
3829974854
3832464024
3832969714
3826770126
3831644450
3812050665
3827985290
3785807752
3764337410
3828399465
3830623112
3830043256
3830623112
3830616943
3831735719
3826633181
3827946009
3785629644
3829279348
3830550098
3810114845
3830508519
3829598698
3831439458
3833427023
3828197721
3827773619
3825803623
3749783936
3830542252
3829801321
3829329200
3829597844
3828202524
3829334748
3829801319
3829328070
3829344316
3830043256
3827229750
3829315196
3832381538
3829801320
3797942550
3827219966
3825829176
3829810406
3826246277
3589429366
3831684876
3819448596
3830616943
3826272232
3829161473
3758958247
3812029896
3828222305
3833404126
3831914034
3825286540
3828222305
3833404126
3831914034
3825286540
3829386490
3831923962
3833400643
3830026905
3832448415
3830511797
3829390198
3813322528
3829123138
3829966617
3828337069
3832749895
3831910606
3826241785
3825809321
3830566568
3830562709
3827932366
3812340905
3832752324
3829148196
3832704332
3766989665
3826268618
3832380585
3785810577
3831451261
3832101291
3828519530
3828971866
3826870017
3827987444
3832800016
3831908313
3832774118
3833404125
3827201133
3832482972
3830538120
3827217032
3832171112
3830516500
3831662992
3829319270
3833169976
3830538120
3827217032
3832171112
3832800016
3830516500
3831950689
3831662992
3829319270
3829153172
3832141878
3827978834
3826245760
3831346335
3830636133
3831344612
3828205229
3833139564
3832098565
3832071976
3832822722
3828945660
3830015938
3829122414
3831984556
3830209710
3830556997
3778721187
3826794496
3828972340
3829117612
3828590522
3828984943
3830570946
3828588840
3832495997
3832769837
3831608197
3832704332
3832782622
3827660849
3829263610
3827994299
3833424832
3830105207
3827281966
3828517950
3832794548
3830622105
3828249839
3828589730
3825802938
3832120860
3829281835
3832716163
3832300382
3829272095
3827254581
3831731584
3832703197
3810357631
3829181212
3826715125
3827234061
3808391482
3827998068
3829492347
3808324301
3828591454
3832084739
3799941156
3830189097
3799941087
3827988741
3827663473
3825578263
3832474522
3827999225
3808319673
3831619442
3829337149
3827659986
3808324386
3826727253
3832090033
3808389540
3828593369
3817217533
3808397176
3829333435
3828503698
3808317997
3829176252
3825832112
3808390308
3813354097
3799085746
3808393051
3812051986
3777190330
3828321282
3827659986
3832368783
3809698045
3832290387
3829999225
3829403885
3829170355
3829259146
3827900016
3827213910
3829335230
3825850470
3827660848
3829330792
3832162418
3831703852
3813319827
3831349072
3830410783
3829286132
3829335232
3813319827
3831349072
3830410783
3830621704
3829286132
3829335232
3827999225
3832389829
3831619442
3829337149
3808319673
3826713259
3808324386
3813354097
3826727253
3832090033
3808389540
3826220267
3817217533
3832383043
3828593369
3808397176
3808317997
3829333435
3828503698
3826725145
3811489950
3811460714
3830702156
3832035915
3829701784
3832274043
3829880751
3829169704
3831998784
3830037736
3832747374
3830028302
3830417086
3830414209
3831713610
3812285423
3828532143
3803957330
3829235327
3832774238
3829123764
3832379589
3829410191
3828591403
3832774238
3829169704
3832274043
3831998784
3830037736
3830028302
3808390131
3803957330
3832747374
3831766476
3830417086
3808319465
3830414209
3832805367
3831713610
3808391150
3829235327
3808397126
3808394117
3829123764
3832379589
3829410191
3828591403
3828301427
3808390320
3808392318
3832139132
3828272827
3831375791
3829336196
3826798122
3832047957
3829492318
3828572597
3832268950
3828315915
3832149230
3828690028
3826255212
3829121689
3808394148
3809009929
3832270428
3832274052
3832276069
3832272181
3829286139
3808394176
3808391259
3832042106
3828249931
3829141780
3828617474
3808757434
3786861267
3782088121
3832421350
3829494039
3778696857
3832071976
3826228866
3826527009
3786861266
3832405618
3829142720
3831709440
3829490842
3815117253
3815939578
3829167401
3827924697
3786854827
3826225094
3832147624
3831091599
3828041551
3829179906
3793514093
3829061860
3832110950
3828213832
3827222186
3829382178
3810367608
3796582241
3815564506
3831683970
3833142367
3826246007
3832747418
3828367876
3767131711
3826244551
3812320252
3831714255
3832796403
3786857508
3828938530
3831091599
3829565001
3831349617
3832272255
3829282299
3829726901
3832270545
3826255976
3832042106
3829282304
3829282773
3832035658
3832307752
3829401831
3827977958
3832040410
3812264977
3832274043
3814996171
3815184365
3824789434
3830681034
3792987333
3832071589
3812353532
3829489839
3832314205
3828982853
3808396050
3831995943
3832587092
3832199959
3828305872
3828689154
3829488894
3832271497
3828053245
3826239186
3825240526
3786854828
3832200624
3828043981
3799362845
3829280382
3808319491
3832829318
3832779213
3782754867
3828577109
3824882989
3831942463
3830722409
3832270438
3829726901
3808389840
3832473715
3831349617
3808397368
3829282299
3812264977
3826255976
3829282304
3832035658
3832307752
3829401831
3827977958
3832040410
3825519146
3814996171
3815184365
3831768235
3830681034
3824789434
3792987333
3812353532
3778696857
3832071976
3826228866
3826527009
3786861266
3832585312
3832405618
3829142720
3831709440
3831700931
3832270438
3829490842
3815117253
3815939578
3832389829
3829167401
3827924697
3786854827
3826225094
3832068475
3832147624
3831091599
3784519746
3833137604
3829604606
3832271497
3828367876
3812320252
3826244551
3767131711
3832796403
3829565001
3827796642
3831714255
3828938530
3813387822
3786860397
3794406050
3793518817
3829286195
3767251474
3828573904
3829985310
3829152832
3832473750
3832455972
3827223570
3780069058
3815111935
3831342786
3832779213
3831401156
3829580529
3833430610
3829955061
3824785963
3832700031
3826719954
3826232195
3829965272
3828337109
3829146064
3829061860
3828640253
3829141789
3829186284
3829516167
3828956922
3829905230
3830233789
3826798130
3793516999
3826753695
3832460688
3831624274
3830540366
3829439920
3827760340
3815547921
3830139419
3831686686
3831095870
3832148163
3832840558
3825882630
3832228866
3832204449
3829905280
3826777313
3728548965
3831452190
3829064927
3831096061
3829256802
3825524296
3830170083
3701464686
3831449402
3829416655
3797337125
3832220783
3831496195
3831450780
3743990857
3813837361
3829515563
3832044996
3831768248
3827760340
3831769885
3831448551
3829348178
3812443520
3824785963
3832992757
3827925532
3813961236
3824785780
3832924558
3832454013
3829498865
3830630839
3831715450
3830630839
3824785780
3831769885
3828638587
3786859521
3701464700
3830519905
3824776615
3826244574
3832049445
3832128192
3827268608
3827600761
3831645936
3701467665
3829547830
3829416465
3826724167
3832135262
3812268918
3829277866
3829115593
3831734364
3832599930
3792967863
3833420244
3826724167
3832135262
3829186284
3829277866
3828573904
3831734364
3832599930
3829141789
3829115593
3701463927
3831494831
3829417174
3792967863
3832757475
3829905280
3832923057
3832455650
3827213712
3830237378
3701463917
3829512867
3826208116
3830232811
3825811156
3829481936
3831767273
3831715469
3831447206
3830531633
3832205100
3829335231
3748495652
3827992648
3813594045
3826784537
3829887997
3830488403
3829961801
3831095870
3815867373
3832389829
3832397346
3829200256
3807329335
3829167401
3830597576
3782547643
3827947282
3814411632
3812268918
3829186284
3831095870
3829277866
3701463927
3832946785
3831734364
3832035867
3832599930
3829141789
3829115593
3831494831
3829417174
3830040905
3792967863
3832757475
3829905280
3832923057
3827992648
3827213712
3832585312
3832270419
3830237378
3701463917
3813594045
3832199914
3825811156
3829512867
3826208116
3829481936
3828537664
3831447206
3830620265
3830531633
3832473750
3829335231
3748495652
3826784537
3829887997
3830488403
3815867373
3832397346
3829200256
3807329335
3782547643
3830597576
3813848895
3797841731
3827947282
3829167401
3830040905
3832743586
3827246512
3829408337
3832272336
3832446010
3831636972
3815869276
3781187423
3831350239
3831401156
3826776342
3832753516
3781119001
3827926408
3829111450
3813766153
3830096021
3832931872
3825832763
3831731982
3828574633
3830233789
3811474659
3782061072
3833184398
3831488257
3828821968
3831689217
3831378118
3829919332
3828537664
3830597574
3701464686
3827947425
3829951053
3828529469
3832272213
3832274390
3832274383
3832205139
3832946785
3821616209
3828512368
3829974469
3594991412
3797868427
3830239128
3829708774
3825832763
3813592926
3830233789
3830581299
3782061072
3828396648
3832771378
3831099995
3830045131
3824783510
3832135281
3832230386
3830645864
3830707974
3829233906
3831951667
3832154659
3832969421
3826720972
3828934491
3833184398
3831693814
3831488257
3811438756
3811474659
3828821968
3831689217
3829919332
3827659738
3831378118
3830597574
3827947425
3829951053
3828529469
3832274383
3832274390
3832272213
3832205139
3797868427
3821616209
3828512368
3829974469
3594991412
3812291646
3815115343
3829708774
3832037793
3831356863
3828527989
3701056393
3829424765
3828216520
3829945890
3830530154
3830296549
3832945578
3827947436
3831095003
3830647356
3832475080
3825825775
3827537797
3812845820
3829266353
3828059042
3827261392
3768160488
3829227027
3785320862
3829620080
3831716404
3830131852
3832284242
3833122969
3829493263
3802439948
3831347565
3829168793
3832163308
3829715118
3832034261
3829905753
3825801098
3826241906
3829415562
3826147720
3828572791
3815941865
3832586196
3830220351
3830029401
3829235801
3830458521
3826215634
3830465027
3832581594
3832586212
3830293865
3826223403
3829579251
3829891654
3830531318
3829334552
3830183986
3829578427
3831915372
3828322772
3826284733
3832277923
3829346832
3832582531
3817918572
3806974656
3826273723
3815834094
3804437194
3829492341
3829181711
3825803850
3811898943
3829186077
3828634021
3803312391
3797828567
3829578427
3808335046
3829223368
3831930332
3829715118
3828534092
3832162884
3827254800
3827941870
3830234534
3827215840
3829337251
3822148838
3832464416
3830025505
3828210151
3829638009
3827921768
3829918479
3828572791
3827261862
3831769119
3831374570
3832300533
3797828567
3829223368
3830578545
3828534092
3832162884
3827254800
3827941870
3830234534
3830294838
3827215840
3829337251
3808335046
3832300533
3829638009
3827921768
3828210151
3829918479
3827261862
3829702462
3827254795
3827225138
3829981446
3829570566
3830701051
3787367770
