3812003945
3820532882
3815770382
3811921234
3808380526
3823287399
3818429551
3819985764
3812898546
3812766019
3805098331
3754915793
3814543503
3787033883
3816110556
3824227472
3804108253
3815679464
3816757475
3815608311
3816384612
3814596591
3766164137
3801588316
3826670524
3814708423
3811657374
3814280089
3814289522
3824239149
3817016222
3686003609
3815248666
3810644915
3806665620
3820533594
3820522157
3809746378
3822494815
3826671531
3800400243
3802953147
3820503089
3820509184
3667897725
3808556642
3759375312
3817090564
3808579719
3819762083
3822854445
3676195152
3807174548
3815599716
3820731475
3816062466
3779284044
3823196503
3826426690
3820703330
3815225838
3774775427
3823207801
3822459100
3812019387
3824998388
3817549470
3744792971
3809632730
3815740600
3797976292
3803080600
3816390020
3826409077
3817081914
3809413261
3803699896
3630781268
3815728658
3814713073
3822234209
3812028368
3658859357
3812730948
3820582736
3817789195
3815223874
3819970559
3780311542
3780308800
3819450723
3820422288
3823066077
3739120967
3823324268
3823830112
3816121324
3824431339
3803729860
3821165577
3821163952
3603892489
3822929295
3804538199
3824291937
3774973994
3818423864
3813000091
3785372541
3822880563
3811291667
3826680387
3823831880
3819407327
3730217257
3790728878
3824263561
3825963644
3818427969
3825946551
3774191957
3813538331
3805461162
3815345798
3824273083
3822854445
3676195152
3807174548
3822460811
3815599716
3774727167
3820731475
3816062466
3826624401
3779284044
3814960861
3802275127
3812903163
3809175152
3810301922
3823196503
3826426690
3809438413
3812373420
3821020678
3815225838
3818199212
3774775427
3823207801
3822459100
3820823613
3817700527
3812019387
3823470179
3809686113
3826357616
3824998388
3814239241
3798641142
3809192734
3817549470
3825963901
3814257904
3744792971
3810753831
3820088788
3771875122
3804293315
3806640326
3806640325
3808445045
3817735532
3821007561
3813091275
3806641147
3809230585
3682710275
3812982033
3825949597
3804014780
3812376235
3822104526
3816100484
3824292393
3808549457
3811203987
3815937157
3819429561
3822121212
3822114612
3823823918
3819444332
3788966248
3804293131
3824695643
3763892581
3826670700
3801307015
3817034135
3814939319
3823600242
3826037495
3813328747
3797080344
3825029733
3826802255
3767928755
3801100899
3826428345
3817735542
3820650780
3662398505
3816117948
3822466604
3822860906
3819450723
3820649867
3820422288
3823066077
3739120967
3778859233
3823324268
3819708203
3817745124
3823830112
3816121324
3824431339
3803729860
3824331835
3821165577
3800567286
3821163952
3603892489
3825916623
3825489720
3822929295
3807711278
3815342809
3590311930
3817883852
3821063509
3710123031
3816720465
3811842439
3801406298
3820704099
3826802255
3819419847
3813716434
3824660912
3824347576
3781906248
3823668910
3803001142
3808096769
3818520675
3818416063
3816808037
3802695129
3815595035
3809783907
3814800066
3825946551
3811056854
3817731631
3826463022
3814512363
3824238989
3812897223
3819933891
3821172495
3820655211
3821398932
3724527663
3824906004
3821175999
3824068204
3820543501
3648908225
3814415167
3799605442
3818120776
3797670015
3808559222
3808660864
3820048310
3775497022
3818883531
3804024035
3818166265
3784383274
3822434150
3820827085
3786555511
3811029458
3813534167
3792202929
3814419036
3819596595
3772550941
3802338740
3806643033
3816705824
3826463022
3675687783
3818961824
3822852466
3810294745
3809518767
3814207021
3818022144
3809518767
3814207021
3815784546
3818022144
3812386044
3818880493
3819303016
3825902674
3590307149
3811829366
3821032873
3802668658
3813346893
3802004392
3796914230
3820534560
3789008458
3590315132
3813606843
3767932127
3771875122
3812946623
3804293315
3816116518
3814290477
3826639800
3801618404
3764319975
3816346469
3792100328
3813595124
3821177190
3816013687
3818433145
3809939175
3814887871
3759032065
3815027948
3809833117
3825420355
3795101348
3824290974
3824266353
3826391933
3808297626
3737060750
3812735094
3816336315
3814411693
3822827742
3818020446
3816968943
3826391933
3809653150
3779256110
3826416268
3822840351
3814754642
3820651773
3814547968
3780224378
3823314062
3756666026
3816791313
3815210842
3816808035
3821017237
3802368997
3806147082
3792100328
3826478668
3824265656
3825046749
3788966248
3804293131
3805384885
3763892581
3824695643
3809419505
3801307015
3826670700
3817034135
3814939319
3823600242
3813328747
3797080344
3825029733
3798438079
3826037495
3813735449
3811010230
3821173581
3767928755
3780397690
3801100899
3826428345
3820650780
3817735542
3818979403
3803887620
3806402042
3826015154
3817553659
3817381635
3808358019
3774759717
3794016874
3823653591
3814416047
3815340222
3818383347
3823310680
3787636713
3795688276
3799989079
3809231265
3822377553
3826437600
3820852716
3798658764
3825946749
3820852716
3824536707
3823194554
3824815538
3826849177
3795685501
3811051445
3823493223
3826450679
3824891171
3720333806
3720886565
3809628889
3814419055
3819536232
3818016526
3824852892
3824894000
3791295349
3821129841
3662600522
3825305070
3819738366
3817558039
3825001647
3797663976
3778697604
3770797605
3811341167
3769566513
3818425162
3818729975
3753212108
3826614920
3809468007
3822470384
3822110335
3815238032
3824121034
3804290321
3810686087
3808552009
3816334472
3824068405
3825756577
3792861028
3824201749
3818520675
3819437222
3818416063
3817037924
3802695129
3816808037
3809783907
3812893392
3815595035
3813477995
3824243199
3819199558
3818953871
3788670194
3811802808
3811304454
3808320456
3814261071
3691623999
3781108310
3826628765
3809706488
3820357903
3815102594
3625986763
3808813195
3816041224
3826641382
3824868650
3808226525
3773618695
3590321506
3822280232
3803642902
3812249133
3760097873
3822820937
3808537466
3825310582
3810614956
3822274285
3819302243
3821009628
3788106320
3688391718
3818550137
3803669007
3824831836
3799537837
3816675650
3826414570
3790278001
3818813797
3817007409
3815034424
3807758094
3822496490
3804590558
3825012871
3803363499
3824998263
3823186309
3811798086
3814924130
3811013059
3825007842
3817626086
3816403612
3789403884
3791929396
3783912101
3606946468
3819933100
3804016797
3812303333
3822245320
3817717537
3812332572
3822102316
3806159112
3823203249
3793937126
3809391817
3804107209
3750114001
3819437045
3825753963
3820124838
3823211733
3823848549
3817786498
3817930550
3814474336
3800636033
3819573677
3804070073
3819197750
3792380625
3814926236
3823312609
3824833858
3826402494
3825795930
3761072616
3779700966
3819197744
3779650823
3807582210
3826681854
3673696685
3780568661
3815022616
3824134289
3817875035
3811082555
3821595224
3819300504
3806151009
3808125615
3783183586
3820323827
3819560717
3811797815
3806431508
3808091455
3814280310
3811301867
3826608914
3818533703
3817871379
3823844289
3822881696
3820652195
3813901655
3804005774
3823871855
3824881984
3812722860
3826639800
3822739327
3816842165
3812082741
3806195971
3817864549
3825962698
3826640443
3814290477
3816116518
3802745724
3801618404
3764319975
3756542543
3816346469
3817389173
3819968407
3814245392
3813595124
3816388329
3823317795
3816013687
3818433145
3809939175
3759032065
3815027948
3806177872
3809833117
3816038364
3806163967
3805444136
3818016443
3815252629
3814522794
3769095248
3820506295
3822060256
3822863391
3826068240
3813318110
3646109669
3690911643
3825003427
3819523445
3812494192
3824264471
3662602301
3812964812
3815500186
3816101313
3794434262
3728000540
3824342526
3821241279
3824687321
3825721681
3826019087
3822827742
3804325576
3818020446
3816968943
3815695458
3809653150
3820660989
3816707812
3810614956
3766965698
3779256110
3826416268
3755720508
3812711893
3826478668
3822840351
3806794338
3814754642
3800457467
3820651773
3821032837
3814547968
3808198561
3780224378
3819968407
3802368997
3817322980
3806147082
3792100328
3826478668
3824265656
3826380277
3814264042
3825046749
3804643716
3808636069
3588813318
3766123796
3826031689
3809420943
3806161405
3826807924
3814721922
3231349523
3805233266
3824233933
3804648144
3817658492
3825036994
3824932686
3814263246
3825045531
3824552140
3774327910
3821780470
3826434282
3824828672
3797685239
3813528902
3787930177
3809777389
3743853134
3798216127
3790812117
3815767729
3814961928
3779101450
3823874255
3809197310
3813529870
3816745689
3784919393
3764419523
3826512322
3813715557
3822732364
3822402487
3819195998
3784415567
3821118191
3822856437
3772919355
3815023475
3753209411
3784633714
3822587568
3805429984
3824548265
3737968663
3821214549
3823677072
3819768361
3817711686
3807225524
3824553643
3823156573
3824151016
3814790525
3823653591
3812955048
3814416047
3815340222
3818383347
3816108368
3823310680
3802693326
3795688276
3799989079
3809231265
3815728648
3737164064
3822377553
3826437600
3798658764
3820852716
3825946749
3823194554
3824815538
3812874837
3826849177
3795685501
3811051445
3812173632
3821241279
3824342526
3824687321
3802355062
3825721681
3826019087
3813188962
3767203423
3817387713
3826355295
3731604859
3824077547
3825470661
3779091223
3825314551
2148431987
3821022408
3817668139
3820524921
3813528728
3798844044
3817394211
3824816463
3825046522
3822367992
3794022053
3825001647
3797663976
3778697604
3812319053
3770797605
3824880676
3811341167
3769566513
3818425162
3818729975
3753212108
3826614920
3809468007
3824626576
3822470384
3822110335
3807298417
3815238032
3824121034
3822921782
3814250709
3804290321
3815768789
3825111251
3826355063
3825967056
3823602128
3708975428
3816353885
3819557250
3822749593
3766075740
3826079390
3819301278
3826078807
3819595993
3820248254
3817362061
3824814070
3813981346
3824081574
3811674265
3815614924
3826607485
3826047398
3815931846
3818440779
3797933946
3819171434
3812382448
3805470712
3823604942
3811009508
3736269478
3821044636
3761955924
3814400065
3803724336
3825941347
3826678629
3802231081
3825924895
3824833400
3818155950
3813098171
3818899414
3817523490
3812330388
3805376077
3812025551
3809709491
3805429984
3824548265
3737968663
3821214549
3819431432
3823677072
3819768361
3817711686
3807225524
3824553643
3823156573
3824151016
3814790525
3824818285
3810284545
3787637682
3821174841
3822267240
3826434282
3824151023
3812723514
3812744680
3820686622
3826020633
3678431225
3825256420
3826039177
3823166241
3823266610
3822386592
3811290375
3822884057
3675009185
3674780687
3826020633
3786407726
3816005111
3818521203
3823152663
3822277060
3824146811
3824147564
3807593052
3822861505
3817192432
3826349483
3815729357
3819982949
3823172115
3823192065
3822482479
3825007842
3811836464
3809796709
3723973594
3817626086
3816403612
3789403884
3791929396
3783912101
3606946468
3812364266
3763118448
3813634133
3824652581
3825103344
3817366478
3806822007
3779645946
3826403276
3815213453
3815558416
3811007697
3727661635
3787098052
