3761350902
3787334893
3715899595
3807142659
3809458756
3810723969
3807159254
3780799927
3813585733
3760010091
3707036662
3590301344
3706278998
3729595278
3737436249
3818062038
3809689407
3809770271
3775638159
3785821657
3772485908
3772485908
3816805974
3764698851
3693024071
3803635287
3780709313
3809432667
3797067813
3807286729
3805437308
3780869784
3590301449
3771019753
3664572543
3652286825
3807974233
3805439379
3731292705
3771697937
3786546308
3713979641
3803039550
3784369432
3822727836
3820766871
3814862407
3646109618
3820736317
3815673766
3822748025
3812060052
3818097362
3775852913
3820060874
3806802939
3809442638
3735957417
3807059346
3644240596
3737282626
3813584751
3818271634
3671491754
3806313663
3812780547
3806652732
3815215594
3805463203
3812005626
3792891238
3815673766
3818061432
3806313663
3792891238
3796748546
3812005626
3813282219
3695402065
3729595278
3815215594
3757674553
3764118997
3789681587
3809689407
3818161413
3815456560
3677922932
3784873909
3777286963
3808402039
3788997592
3652286825
3764698851
3661426125
3769785024
3812362574
3814190406
3781005241
3745599359
3814544892
3818057753
3800429062
3811823020
3800158653
3803207014
3794090045
3769785024
3775288073
3739120972
3777286963
3737742510
3815456560
3771696932
3769173533
3810675809
3769880489
3763112096
3732867300
3818061432
3804568409
3818017938
3772486767
3777095940
3814411538
3813526881
3813527715
3808088985
3769289891
3695402065
3812358591
3790906165
3661426125
3798155323
3814545625
3809460614
3806375930
3822719855
3745494984
3806121051
3816113459
3813282219
3815751552
3769879760
3695402065
3809460614
3790906165
3661426125
3813567705
3798155323
3814545625
3813619340
3806375930
3822719855
3745494984
3686175578
3806121051
3806170478
3816113459
3799950021
3813282219
3769879760
3807324155
3815751552
3809618884
3805762736
3736685159
3788997592
3769882492
3772424516
3806756051
3741268341
3782021294
3815796399
3816900368
3813267209
3796566980
3707539664
3764298311
3798663654
3808402039
3793204120
3807203236
3814781275
3815059415
3761129107
3600170485
3814183173
3792187155
3738239920
3812549524
3809037182
3600170485
3792187155
3738239920
3809037182
3812549524
3809427376
3783500903
3769883341
3818161413
3797468344
3806352685
3818048616
3812056831
3739120999
3761494570
3798659583
3792876897
3772271413
3790645820
3808401077
3793695499
3811817444
3804064087
3815736985
3776903557
3811271483
3807318646
3734769954
3812851468
3817918073
3817424988
3807751481
3796989835
3813321815
3813122374
3786061640
3792742984
3793204142
3735882411
3724275617
3792813308
3816002474
3719199969
3699072314
3784203776
3809230580
3738250091
3808626845
3817174301
3811817444
3804064087
3815736985
3776903557
3811271483
3791912149
3807318646
3734769954
3812851468
3817918073
3817424988
3807751481
3796989835
3813122374
3786061640
3813321815
3809230580
3792742984
3793204142
3735882411
3724275617
3792813308
3816002474
3719199969
3699072314
3811817444
3808410271
3813283029
3792007875
3809241763
3819550406
3736807712
3817384577
3794328777
3773353852
3733097040
3817409739
3815654854
3803692418
3776911574
3813576870
3815059415
3778539235
3590296979
3783905984
3801413938
3820664450
3816004190
3820777726
3808177559
3807318646
3820763384
3782401489
3776903557
3801192579
3673093466
3786122277
3785821254
3814895686
3765135827
3811817444
3808410271
3813283029
3818133740
3785747776
3792007875
3794328777
3809241763
3819550406
3736807712
3817384577
3794328777
3773353852
3798691070
3733097040
3817409739
3815654854
3803692418
3776911574
3790653893
3813576870
3815059415
3778539235
3590296979
3811643693
3783905984
3801413938
3820664450
3815500260
3728211077
3820390751
3816054803
3719199969
3702592138
3774732821
3590296979
3816054803
3801413938
3728211077
3820390751
3774363923
3814931271
3811898937
3786921861
3702592138
3813528651
3782756571
3807324164
3815057918
3814762391
3815500260
3750339368
3775820908
3818488490
3817613186
3684318858
3800616753
3810192534
3748957225
3731773966
3797000800
3782720840
3817390098
3809418119
3813540787
3798374476
3815024193
3810300462
3792897795
3815608845
3820735353
3683897379
3790729458
3741781906
3679513631
3784889103
3767723121
3815875803
3816738163
3809433307
3816023779
3677044132
3772317191
3816026388
3808041107
3766686145
3724446686
3590300690
3793513373
3738938905
3815509530
3800237543
3784555031
3802493717
3816737242
3809231260
3801232473
3818209554
3817318948
3806456847
3816797603
3820518675
3811823856
3789997966
3775282851
3763461703
3789999485
3814908286
3811670664
3814908286
3671493412
3771397851
3596688728
3740240041
3789297479
3811670664
3815770505
3670951666
3731773966
3797000800
3782720840
3817390098
3809418119
3813540787
3805450993
3798374476
3815024193
3810300462
3797022054
3792897795
3815608845
3820735353
3683897379
3741781906
3679513631
3784889103
3767723121
3815875803
3816738163
3802142760
3809433307
3816023779
3677044132
3772317191
3725493523
3816743896
3738244697
3816026388
3802499405
3765135821
3814186392
3820862403
3809835018
3816742887
3796894646
3806311918
3816693601
3803607659
3816693601
3803607659
3720115172
3809116486
3762814467
3684301043
3789997966
3774705265
3820533108
3812211787
3797067791
3815249102
3763879318
3784568531
3779060104
3816568275
3585734434
3761381878
3764197071
3817409799
3815182771
3808523920
3796908757
3816964626
3804421785
3792845412
3821267943
3598789487
3793615497
3820227716
3818427103
3654498360
3798832255
3822746561
3809785429
3760880637
3820387256
3764718393
3760530623
3807229628
3770040330
3783651064
3769248973
3792625654
3818604623
3802413053
3744144581
3818607399
3789413293
3799375692
3802146033
3409488418
3802292033
3806354532
3776258486
3816965312
3820534494
3820656717
3760812293
3724795984
3765150519
3813946531
3596693578
3676137249
3815939629
3812056429
3812845673
3300446789
3804496232
3802688525
3819583754
3812174654
3773335978
3814387473
3792425960
3815584081
3703620411
3743459461
3709473919
3819587137
3781861097
3780362870
3734182647
3791468556
3807751072
3633371715
3620761509
3778498601
3819589027
3802448045
3620763354
3633771377
3770141569
3815529381
3750107989
3817789163
3780237000
3521411170
3798633254
3776761928
3806310194
3591569242
3789930963
3500669504
3790571098
3771232491
3800960662
3813583150
3791418280
3750112563
3802550775
3809682738
3797616037
3643908483
3802146033
3409488418
3810633596
3806354532
3802292033
3776258486
3816965312
3820534494
3820656717
3760812293
3724795984
3765150519
3813946531
3596693578
3676137249
3815939629
3812845673
3817321936
3804496232
3300446789
3802688525
3819583754
3812174654
3812375416
3802688525
3819583754
3620763354
3792425960
3703620411
3815584081
3743459461
3816753913
3709473919
3775612118
3781861097
3780362870
3734182647
3791468556
3633371715
3620761509
3773335978
3807751072
3817789163
3819589027
3802448045
3812836878
3620763354
3633771377
3770141569
3815529381
3750107989
3817789163
3780237000
3521411170
3798633254
3776761928
3806310194
3591569242
3789930963
3804520876
3500669504
3812285373
3790571098
3771232491
3800960662
3813583150
