3822811341
3775569818
3667666457
3821317085
3815205296
3788183849
3817101132
3782349310
3812963736
3767236329
3810398131
3811611671
3792924114
3786221047
3812873825
3811025215
3819534054
3819558353
3772518457
3761457385
3684936025
3815335432
3786451441
3818551091
3814275977
3820670886
3807534831
3668001376
3714817024
3807535743
3731454433
3742884240
3822277319
3744794296
3822806490
3590309317
3817918278
3816573513
3751630150
3771818881
3787033829
3769557042
3763756368
3598037882
3822720865
3806875505
3820086570
3822724964
3614623484
3736907683
3590331290
3815760533
3780037005
3814248896
3749331944
3728002530
3817931921
3805260263
3814190439
3590324881
3775605163
3801255458
3822730566
3809420719
3793249213
3812229700
3808412220
3817320830
3772664174
3744796027
3822790145
3812379403
3820665983
3806731201
3811041983
3815760533
3780037005
3749331944
3815791452
3728002530
3817931921
3805260263
3814190439
3590324881
3775605163
3801255458
3789942311
3781867450
3822730566
3814248896
3809420719
3793249213
3812229700
3808412220
3817320830
3772664174
3744796027
3822790145
3812379403
3820665983
3807537680
3814135441
3809817025
3820734004
3767375609
3745000302
3787416822
3822790145
3798569426
3809225139
3676088483
3809428489
3760203955
3785375736
3698393619
3716311160
3802721681
3775599937
3774691382
3812374989
3790169974
3620999803
3822746944
3818198321
3773797556
3734619241
3798613293
3767375609
3822776222
3787416822
3820315219
3813977011
3798569426
3819537487
3810674857
3809225139
3809428489
3760203955
3815512653
3698393619
3716311160
3802721681
3745000302
3775599937
3805441419
3775610083
3790169974
3811008153
3620999803
3797932064
3620999803
3797932064
3822746944
3815364178
3814135441
3773797556
3805256921
3764418627
3785375736
3801258979
3802293966
3774691382
3742126746
3814526787
3762441511
3811003809
3668736488
3710189160
3798376154
3815744395
3807770822
3810298326
3745345458
3808265163
3738084143
3815512653
3811008153
3806674186
3689319819
3817100223
3784876735
3784874884
3815952413
3800952617
3590312638
3668736488
3800954586
3790823658
3804292361
3814189664
3808299304
3627823415
3800086986
3590324945
3683643551
3809904264
3822724757
3817387776
3253804778
3807775379
3728857370
3806777044
3812834931
3811296712
3800967865
3808440550
3646115736
3822403063
3817733799
3741217662
3799941261
3781869241
3781533619
3804608489
3590324025
3806696218
3816104231
3816016344
3773682035
3818552877
3696088221
3820027467
3803175072
3747429134
3783583113
3812374989
3799941261
3781533619
3784874884
3590324025
3806696218
3781869241
3816104231
3814482667
3773682035
3816016344
3818552877
3820027467
3803175072
3799874195
3667666440
3813527994
3783583113
3803932292
3809365417
3772033140
3822393622
3737241226
3784876735
3781866213
3737533459
3811411935
3806777044
3812834931
3811296712
3800967865
3741647883
3646115736
3822403063
3817733799
3741217662
3641767239
3696088221
3813706332
3814481725
3812374989
3799941261
3802077701
3804507141
3781533619
3784874884
3590324025
3782348447
3806696218
3781869241
3815519070
3816016344
3815726597
3818063119
3820027467
3803175072
3799874195
3667666440
3813527994
3783583113
3803932292
3809365417
3772033140
3822393622
3737241226
3781866213
3784876735
3816703230
3792133673
3761140536
3590334691
3717648888
3794042595
3815699053
3815742153
3813576800
3815742153
3808428023
3764691029
3816703230
3808250384
3819772652
3737534375
3818120290
3811818123
3813977011
3769251662
3761318828
3723718445
3813527994
3699067770
3809673067
3676190165
3730242102
3802190651
3736589040
3797463985
3792133673
3761316641
3590311653
3803007040
3805434601
3797464869
3808428023
3699070512
3820312772
3820313474
3812869665
3783133389
3813576800
3781864295
3811632858
3739197754
3768086182
3759234639
3815724919
3801449710
3784019139
3816001656
3775692929
3813582127
3809705524
3822395557
3781660667
3733599073
3745313635
3815225256
3806877126
3815535951
3784154045
3820596280
3739197366
3781867098
3590307252
3797649354
3798740399
3822731238
3676178712
3822805614
3792139102
3736906703
3781869136
3590303765
3650171276
3820783974
3819769747
3776712528
3795353761
3688940017
3816792049
3812318906
3590310858
3782018672
3811748014
3717544240
3818182576
3797107696
3822727630
3812966857
3799023721
3815250029
3807329441
3759234639
3822003991
3820667785
3804565444
3804049978
3789011005
3786446804
3767461497
3820511141
3809806895
3736910209
3797465329
3595138774
3808639108
3812314515
3782017796
3817876589
3798096051
3797467015
3804505259
3802905793
3806106697
3818062508
3590314622
3810398128
3822274318
3621650260
3812315232
3775606476
3822727630
3811004632
3776275509
3817652237
3670344534
3745313635
3815225256
3806877126
3815535951
3745313635
3806877126
3776275509
3817317447
3815535951
3784154045
3670344534
3790101201
3781867098
3590307252
3818117183
3812881133
3798740399
3676178712
3739197366
3800265816
3811019414
3736906703
3590303765
3650171276
3820783974
3822246111
3815372619
3819769747
3787030244
3814544838
3688940017
3749500758
3822731238
3822898750
3724889154
3779386595
3814789633
3815713620
3813620866
3598709720
3808256826
3744756542
3817899869
3822807654
3800403046
3797463661
3802232953
3725073245
3761316797
3802238134
3819529096
3822288305
3797462744
3817026947
3822487970
3782001380
3810601151
3819529096
3822288305
3732867303
3797462744
3656484956
3817026947
3781868222
3805069566
3785392994
3746219833
3797465395
3764511071
3731455457
3783523771
3689055101
3805018864
3818290863
3739117140
3801577502
3811089083
3669292268
3809331197
3618152669
3646116112
3807773612
3807323046
3809361622
3812849549
3744793575
3784018234
3754658045
3807074826
3811722191
3693462820
3673119406
3688093056
3784020103
3822802939
3782756567
3804959073
3803662191
3735432118
3822753140
3776721146
3813484338
3762530877
3819774539
3820670702
3822394587
3817095561
3818478089
3590323358
3746219833
3736906878
3664568517
3669292268
3820358780
3820652748
3797859874
3808261413
3735701823
3804270333
3790088837
3661392226
3748962210
3822808097
3816963472
3782757279
3822862467
3777991547
3811089083
3811768371
3797859874
3808261413
3735701823
3790088837
3661392226
3748962210
3822808097
3782757279
3822862467
3815577517
3811768371
3815796897
3734783931
3797061427
3590306883
3810986001
3822778082
3815505375
3737242017
3809400998
3783579399
3813854098
3723226849
3744790639
3650180525
3803356503
3757439232
3618152669
3818776254
3646116112
3809361622
3807773612
3817742685
3812849549
3744793575
3784018234
3754658045
3807074826
3693462820
3784020103
3822802939
3782756567
3804959073
3815952398
3803662191
3735432118
3812376762
3782356892
3822753140
3776721146
3772517472
3813071078
3813581154
3801577502
3598041253
3795353761
3773900135
3593754806
3820664299
3811722191
3802919375
3769244747
3801580332
3646125123
3813581124
3759244081
3801233779
3812343570
3803650943
3812858928
3820670702
3822394587
3817095561
3818478089
3807777039
3782022292
3822807334
3796137286
3813074371
3816796656
3799939436
3768073250
3818553597
3803241126
3791875425
3815376017
3679481146
3806823803
3817556983
3590302521
3726118649
3729110740
3797972478
3817039541
3399877280
3775613277
3676188490
3736575463
3783909350
3688091639
3772559515
3736906878
3664568517
3820650693
3805415849
3804830459
3813071078
3820652748
3797859874
3808261413
3735701823
3790088837
3661392226
3748962210
3822808097
3782757279
3822862467
3802716480
3815577517
3811768371
3815796897
3734783931
3797061427
3806791982
3779074834
3781868129
3718956351
3732894832
3797061427
3804607635
3683745045
3801983114
3761710338
3759764583
3817387643
3802904239
3806725506
3815505375
3820614436
3648069347
3800654851
3802124117
3804504285
3818112356
3734783931
3812864245
3782019556
3806177287
3809525285
3822808305
3683929927
3814232549
3771823374
3761701770
3811205895
3802192206
3756641888
3784205568
3817435831
3821311575
3816798604
3756005228
3808261242
3771718402
3796843979
3811089099
3808653168
3751174077
3783909329
3805258693
3790089705
3673119406
3816385686
3789297342
3783909329
3805258693
3815061304
3751174077
3790089705
3816385686
3820581955
3815064052
3776490313
3789297342
3813853184
3775567989
3801931772
3788106140
3818606249
3812368298
3806725546
3810107493
3680880637
3590304301
3775607239
3815696275
3809722068
3817631295
3780462920
3782022292
3822807334
3796137286
3813074371
3813481861
3816796656
3806707898
3811722473
3799939436
3768073250
3818553597
3803241126
3791875425
3815376017
3819551527
3806105389
3679481146
3806823803
3817556983
3590302521
3803740438
3796118360
3726118649
3729110740
3797972478
3781866604
3822732812
3680883384
3793515184
3757742559
3817779556
3804141956
3821981345
3812318148
3646109853
3813057383
3818112351
3815577517
3822276451
3808262436
3812870887
3807124948
3811005580
3811722473
3776278173
3811000762
3726123244
3806250462
3786970650
3815223276
3740237397
3814248777
3818287866
3805261189
3814176172
3747552632
3805612014
3648096617
3781658786
3820183595
3813081297
3805425684
3774394675
3809829568
3804335314
3812349549
3781866217
3797972479
3817321109
3676093161
3786069739
3812357104
3782504262
3815060268
3811071468
3747563218
3809827994
3653327013
3145928842
3815182787
3688800067
3673096241
3754659061
3812189413
3812325601
3774393709
3740239074
3812180394
3813499487
3803242100
3730835045
3626604962
3808235457
3748513503
3590306372
3814766836
3814139023
3815204824
3676190344
3780095604
3771718402
3796843979
3811089099
3818115052
3808653168
3751174077
3795864345
3783909329
3805258693
3790089705
3673119406
3816385686
3789297342
3801931772
3788106140
3799942228
3818606249
3806725546
3760136863
3680880637
3590304301
3815696275
3809722068
3817631295
3780462920
3814788051
3772498922
3761256560
3593625714
3815778879
3805612014
3816958981
3812170614
3784008730
3736569835
3770444095
3674193817
3770955129
3590334701
3812191823
3812189413
3808864584
3772602386
3748513503
3815721448
3787637698
3729913587
3676186113
3648500014
3775613277
3822418388
3792356570
3785561954
3808866206
3771712892
3590305341
3676179987
3738245828
3633805160
3786447716
3809686299
3822497595
3814528414
3811071468
3813373298
3656105336
3648067922
3764422191
3776047655
3737239385
3815695454
3804324534
3808648799
3785034592
3676183534
3736226970
3646111799
3809365404
3798104841
3812354056
3812845871
3815062152
3806182932
3795351801
3804317545
3759759995
3689796179
3816053183
3781860273
3798109059
3820226426
3812191823
3814531136
3775613158
3775569868
3749665491
3816131254
3759912513
3802297974
3656660903
3676183534
3749330578
3774398067
3620308273
3772498922
3809681498
3804146359
3807449327
3646130303
3807733071
3813082238
3744799205
3809936544
3801960768
3774391889
3809180834
3790628987
3737404914
3814290564
3795927568
3800689851
3737236510
3802992860
3813461181
3802294909
3805405234
3811071468
3747563218
3809827994
3653327013
3145928842
3815182787
3688800067
3673096241
3754659061
3812189413
3812325601
3774393709
3740239074
3812180394
3813499487
3811282755
3803242100
3730835045
3626604962
3721440495
3808235457
3748513503
3590306372
3814766836
