3814725642
3814729059
3835249801
3837045118
3837027601
3837797882
3837020080
3769251813
3838215694
3834355518
3836674885
3837320659
3800616936
3837026777
3830353802
3838940676
3818455323
3018276332
3835557603
3838701875
3835582778
3837104598
3836257684
3823888957
3785697387
3831169647
3703679821
3831106500
3818593895
3831113391
3837647936
3830330001
3837434869
3818110356
3838704822
3837322323
3835717520
3830922165
3838444187
3837684429
3830923039
3834663158
3838015300
3836383603
3723982083
3830324594
3830916843
3823892550
3814253926
3830324594
3836209118
3836578743
3838215694
3836674885
3836646128
3830922165
3824248365
3818455323
3833962483
3834646010
3790175528
3816013176
3823892550
3837322323
3835717520
3831169647
3838015300
3835557603
3835167673
3723349346
3663408179
3838463653
3831896122
3830376231
3836578743
3759199705
3836148172
3831263599
3723349346
3833685789
3836647232
3832652350
3836582252
3838490688
3836128468
3834639677
3789008215
3835167673
3778895677
3817638025
3833956592
3833954327
3833962483
3835523259
3834092698
3816694818
3835526197
3835610851
3835677867
