3821317085
3817101132
3667666457
3788183849
3775569818
3782349310
3812963736
3767236329
3810398131
3792924114
3786221047
3811025215
3812873825
3815335432
3772518457
3819534054
3819558353
3812054002
3818551091
3799090177
3786451441
3814275977
3820670886
3781660681
3676188838
3807534831
3742884240
3668001376
3812379393
3789009210
3807535743
3714817024
3780037005
3731454433
3751630150
3765834394
3590309317
3744794296
3817918278
3816573513
3787033829
3769557042
3771818881
3763756368
3806875505
3598037882
3736907683
3614623484
3812279490
3616796512
3812279490
3616796512
3816106427
3780037005
3668001324
3814190439
3815760533
3590331290
3808412220
3749331944
3744796027
3817931921
3765834394
3590310555
3798997704
3728002530
3801255458
3590324881
3814248896
3820521066
3809420719
3820665983
3793249213
3765831767
3812379403
3765834394
3775605163
3668001324
3800670454
3781867450
3789942311
3798997704
3728002530
3801255458
3805260263
3810483574
3590324881
3814248896
3809420719
3793249213
3820665983
3817320830
3620168289
3820734004
3772664174
3590310555
3744796027
3719389130
3807124384
3811550503
3812229700
3806731201
3810674857
3616900029
3760456007
3621474424
3782503366
3776954544
3808410525
3817037685
3820351935
3811765324
3807771865
3800282780
3811041983
3805032547
3765831767
3814135441
3778562136
3734619241
3800953825
3807560677
3807537680
3820300644
3813977011
3811432712
3811418558
3742126746
3810298326
3802293966
3812100024
3808265163
3818198321
3815364178
3744795348
3710189160
3805368538
3804269250
3798376154
3781866684
3590304607
3671334870
3745349069
3738084143
3786948236
3698396275
3802497817
3736580589
3815744395
3820357979
3804608489
3807124384
3798376154
3814526787
3676088483
3808299304
3745349069
3786948236
3698396275
3736580589
3815744395
3800967865
3817387776
3811723454
3789740892
3817099345
3792133673
3809185795
3807536703
3671334870
3750890601
3808440550
3781865875
3816026354
3646115736
3671334870
3745349069
3738084143
3775601812
3786948236
3698396275
3802497817
3736580589
3815744395
3820357979
3815476965
3814526787
3781865875
3815729349
3789740892
3819589005
3809185795
3811834593
3730122680
3816026354
3750300443
3601077355
3775610083
3784876735
3745640096
3817099345
3806762813
3789876613
3815952413
3809164086
3627823415
3732888858
3815512653
3811008153
3689319819
3817100223
3806674186
3798376828
3800952617
3816104231
3811723454
3784874884
3698394386
3808299304
3720184554
3668736488
3800954586
3799080205
3641767239
3590312638
3796843978
3814481725
3819772652
3805019688
3646115736
3784876735
3641767239
3815535951
3806696218
3590324025
3781533619
3816016344
3784874884
3813527994
3667666440
3818063119
3781866213
3773682035
3818552877
3816703230
3783583113
3772033140
3803932292
3737534375
3764691029
3813576800
3815742153
3813527994
3808428023
3699070512
3811818123
3723718445
3818120290
3689055101
3761318828
3717648888
3820667785
3590334691
3730242102
3809673067
3820683772
3736589040
3781864295
3819772652
3814482667
3815725138
3817615271
3761316641
3699067770
3812869665
3781866213
3773682035
3818552877
3816703230
3814515554
3783583113
3772033140
3803932292
3737534375
3764691029
3799874195
3818182576
3813620866
3797463985
3792133673
3794042595
3815742153
3805427538
3699070512
3723718445
3747429134
3761318828
3717648888
3820667785
3797646587
3801449710
3820511141
3820783974
3809365417
3781869136
3809705524
3781660667
3816001656
3811632858
3816009367
3775692929
3784019139
3817367165
3818020682
3820313474
3807143332
3820312772
3812318906
3815541333
3781431017
3820581955
3650171276
3809159817
3702372184
3810396555
3810396555
3809806895
3590337994
3799023721
3656099910
3771945449
3797467015
3789425663
3812750750
3815750263
3814599955
3818062508
3818020682
3820358780
3806106697
3818770939
3797465329
3808262661
3717544240
3822003991
3782017796
3595138774
3789011005
3804049978
3782018672
3811748014
3786446804
3812966857
3813543389
3799009844
3810267249
3797107696
3595138774
3759234639
3767461497
3797465329
3820732378
3736910209
3808639108
3805427538
3817375904
3760249546
3688940017
3810398128
3804505259
3820661710
3811715604
3798096051
3745313635
3814515554
3815535951
3785579396
3808261413
3782019556
3782001380
3736906878
3820039550
3590323358
3759244081
3816053183
3804270333
3818478089
3669292268
3802716480
3813484338
3748962210
3814238957
3746219833
3790088837
3811768371
3777991547
3718954590
3661392226
3590306883
3815796897
3776721146
3754658045
3744793575
3618152669
3778465724
3735432118
3778470299
3810986001
3802919375
3784020103
3790444699
3813581154
3757439232
3817095561
3781868129
3801233779
3805069566
3646125123
3794711575
3683745045
3819774539
3734785764
3664568517
3815535951
3785579396
3817376385
3820614436
3820664299
3776712528
3793486214
3738250279
3803174169
3784014700
3811004632
3798312958
3784016411
3800093113
3780709340
3783374332
3784016371
3812849353
3815762666
3779094078
3590302804
3743169846
3811746710
3775692957
3807323046
3820650693
3812750750
3811748014
3664568517
3734785764
3775610342
3785579396
3808261413
3782019556
3782001380
3799942228
3736906878
3590323358
3781866604
3781867230
3802716480
3748962210
3814238957
3790088837
3815577517
3811768371
3797859874
3718954590
3661392226
3590306883
3815796897
3813067249
3806683998
3765747847
3806725506
3803241126
3813854098
3815505375
3718956351
3797061427
3809400998
3590310859
3768488722
3818540942
3816901084
3733536268
3590305314
3734783931
3806823803
3688800067
3781866604
3807124948
3737242017
3653327011
3778894705
3739539825
3804147047
3773900135
3795353761
3811722191
3693462820
3804830459
3776721146
3754658045
3744793575
3618152669
3782356892
3735432118
3778465724
3819539547
3778470299
3732894832
3810986001
3802919375
3784020103
3790444699
3813581154
3757439232
3804607635
3817095561
3781868129
3801233779
3816792049
3815762219
3775567989
3817435831
3786970650
3818112351
3817556983
3806250462
3776278173
3803849935
3815055970
3807448415
3747015256
3805258693
3789297342
3781867230
3761316741
3789292131
3814232549
3766106713
3808261242
3774390873
3771823374
3775569868
3815795214
3813853184
3698396281
3680883384
3815768009
3805372614
3783909350
3399877280
3698394341
3817039541
3811089099
3817779556
3814525946
3784209033
3812910876
3775137753
3646109853
3792338664
3688793814
3815577517
3812944332
3805327112
3816792049
3815762219
3775567989
3793515184
3792338664
3818186793
3776466280
3812376762
3786970650
3816792049
3793515184
3817435831
3812171554
3806250462
3820712409
3803849935
3747015256
3816797592
3807448415
3809008849
3782756391
3805258693
3789297342
3761316741
3815062152
3814232549
3816710153
3804270333
3808261242
3815056946
3804147047
3745001296
3399877280
3771077321
3799939436
3776278173
3793515178
3805373896
3811722473
3797972505
3736575463
3767323217
3816031682
3450743682
3817556983
3806105389
3816778159
3782756567
3790709044
3796118360
3796549668
3791419097
3815696275
3815055970
3811722473
3797972505
3736575463
3767323217
3816031682
3450743682
3817556983
3816778159
3782756567
3790709044
3796118360
3796549668
3791419097
3815696275
3815055970
3791875425
3796137286
3820305958
3815061304
3803740438
3816399614
3813074371
3783909329
3698392620
3816293862
3680883384
3783909350
3805372614
3815768009
3399877280
3698394341
3811089099
3817039541
3817779556
3814525946
3784209033
3812910876
3805327112
3775137753
3646109853
3792338664
3688793814
3815577517
3775567989
3793515184
3812944332
3817435831
3815762219
3786970650
3818112351
3816053183
3809444826
3788106140
3800249114
3756641888
3816798604
3810107493
3771718402
3815059374
3756005228
3801931772
3790089705
3810394932
3818115052
3802297974
3773884488
3780462920
3754659000
3799943193
3784205568
3775607239
3776490313
3802124117
3815374171
3668002246
3774391889
3767781774
3769547700
3815244953
3806171836
3758459515
3816958981
3772944194
3671493428
3806430651
3676091293
3799090035
3804539030
3775606352
3598043218
3738243969
3733853487
3731655207
3674193817
3736569835
3784008730
3739114180
3817927604
3812174009
3805655522
3809686299
3809466713
3786447716
3809681498
3808648799
3759759995
3749504492
3766102978
3809180834
3800244526
3804146359
3816967079
3814290564
3800689851
3820231743
3623093594
3737239385
3814287606
3815248430
3737404914
3805612014
3795927568
3620308273
3802992860
3805425684
3812354056
3805261189
3815768235
3648096617
3815058760
3815695454
3733853487
3816709353
3803242100
3820231743
3656660903
3782504262
3780095604
3799109216
3821271164
3799088389
3653327013
3809829568
3738246078
3145928842
3812363849
3738242941
3781866217
3730835045
3781866217
3730835045
3721440495
3813081297
3814376738
3807777039
3810290809
3754659061
3806774179
3590305341
3809681501
3803128123
3797972479
3590306372
3818014626
3736567049
3626604962
3812174384
3738245418
3818186793
3676088493
3807706700
3772602386
3656105336
3782504305
