3746742636
3741650877
3741653177
3559055372
3767434292
3656103382
3810495077
3741648930
3746743191
3559057105
3741648801
3804490535
3741652434
3656101476
3741653115
3612672031
3811810188
3746572033
3778219993
3741655014
3746739842
3741650741
3586049159
3746568395
3736681311
3741652851
3767613681
3741650762
3807890561
3741650860
3790150465
3778222417
3660535546
3810490911
3749505425
3820247134
3809413082
3687641078
3778227033
3820326417
3820325774
3688009370
3778222406
3626998565
3586047592
3781868298
3667257193
3746742561
3656100688
3559055276
3626956275
3815441342
3746738922
3741650755
3778219990
3711355328
3778227035
3799030135
3559054346
3816155823
3816154894
3783909350
3783909329
3808262436
3809004921
3805372614
3768592158
3768592160
3810337865
3807733071
3739545356
3739546219
3586046651
3755748414
